Iteration	CPUTime	PhysTime	Travels	Value	AvValue	MinValue	MaxValue	Delta	Criteria	Progress	dGMaxMin	CriteriaType	CriteriaVarType	CriteriaPercentage
1	1	0	0.0229551703	90.3712101	90.3712101	90.3712101	90.3712101	0	0	0	0	0.0430897	0	0	3
2	1	0	0.0459103407	90.3712017	90.3712059	90.3712017	90.3712101	4.19686226e-06	0	0	0	0.0537586	0	0	3
3	1	0	0.068865511	90.3711638	90.3711919	90.3711638	90.3712101	1.82337677e-05	0	0	0	0.0566781	0	0	3
4	1	0	0.0918206814	90.3711875	90.3711908	90.3711638	90.3712101	1.93282426e-05	0	0	0	0.0583455	0	0	3
5	1	0	0.114775852	90.3711857	90.3711898	90.3711638	90.3712101	2.0360018e-05	0	0	0	0.0603469	0	0	3
6	2	0	0.137731022	90.3712402	90.3711982	90.3711638	90.3712402	2.0360018e-05	0	0	0	0.0632124	0	0	3
7	2	0	0.160686192	90.3712842	90.3712105	90.3711638	90.3712842	2.06851895e-05	0	0	0	0.0669533	0	0	3
8	2	0	0.183641363	90.3714028	90.3712345	90.3711638	90.3714028	4.47302579e-05	0	0	0	0.0740597	0	0	3
9	2	0	0.206596533	90.3714575	90.3712593	90.3711638	90.3714575	6.95060433e-05	0	0	0	0.079206	0	0	3
10	2	0	0.229551703	90.3716135	90.3712947	90.3711638	90.3716135	0.000104923728	0	0	0	0.0822775	0	0	3
11	3	0	0.252506874	90.3716932	90.3713309	90.3711638	90.3716932	0.000141150074	0	0	0	0.0866223	0	0	3
12	3	0	0.275462044	90.3754997	90.3716783	90.3711638	90.3754997	0.000488549166	0	0	0	0.0893348	0	0	3
13	3	0	0.298417215	90.3718207	90.3716893	90.3711638	90.3754997	0.000499501245	0	0	0	0.0880374	0	0	3
14	3	0	0.321372385	90.3746383	90.3718999	90.3711638	90.3754997	0.000710142517	0	0	0	0.0993338	0	0	3
15	3	0	0.344327555	90.3721606	90.3719173	90.3711638	90.3754997	0.000727523874	0	0	0	0.103105	0	0	3
16	3	0	0.367282726	90.3737868	90.3720341	90.3711638	90.3754997	0.00084436544	0	0	0	0.114881	0	0	3
17	4	0	0.390237896	90.3725746	90.3720659	90.3711638	90.3754997	0.000876158858	0	0	0	0.120066	0	0	3
18	4	0	0.413193066	90.3734521	90.3721429	90.3711638	90.3754997	0.000953167335	0	0	0	0.125891	0	0	3
19	4	0	0.436148237	90.3728649	90.3721809	90.3711638	90.3754997	0.00099116541	0	0	0	0.129377	0	0	3
20	4	0	0.459103407	90.3734242	90.3722431	90.3711638	90.3754997	0.00105332646	0	0	0	0.132466	0	0	3
21	4	0	0.482058577	90.373229	90.37229	90.3711638	90.3754997	0.00110027152	0	0	0	0.135202	0	0	3
22	5	0	0.505013748	90.3734752	90.3723439	90.3711638	90.3754997	0.0011541428	0	0	0	0.138219	0	0	3
23	5	0	0.527968918	90.3734303	90.3724448	90.3711638	90.3754997	0.00125506048	0	0	0	0.139368	0	0	3
24	5	0	0.550924088	90.3734617	90.3725476	90.3711638	90.3754997	0.00135778398	0	0	0	0.140135	0	0	3
25	5	0	0.573879259	90.3733989	90.3726492	90.3711857	90.3754997	0.00145937862	0	0	0	0.142251	0	0	3
26	5	0	0.596834429	90.3734532	90.3727521	90.3711857	90.3754997	0.00156236407	0	0	0	0.145037	0	0	3
27	5	0	0.619789599	90.3734435	90.3728548	90.3712402	90.3754997	0.00165659102	0	0	0	0.146964	0	0	3
28	6	0	0.64274477	90.3734531	90.3729554	90.3712842	90.3754997	0.00174489385	0	0	0	0.149212	0	0	3
29	6	0	0.66569994	90.3734888	90.3730556	90.3714028	90.3754997	0.00182106024	0	0	0	0.151211	0	0	3
30	6	0	0.68865511	90.3735646	90.3731538	90.3714575	90.3754997	0.00189454587	0	0	0	0.152865	0	0	3
31	6	0	0.711610281	90.3739384	90.3732666	90.3716135	90.3754997	0.00197189711	0	0	0	0.156097	0	0	3
32	6	0	0.734565451	90.3743011	90.3733888	90.3716932	90.3754997	0.00205783537	0	0	0	0.158139	0	0	3
33	7	0	0.757520621	90.3746935	90.3735251	90.3718207	90.3754997	0.00184681303	0	0	0	0.160331	0	0	3
34	7	0	0.780475792	90.3750978	90.3735069	90.3718207	90.3750978	0.00183586095	0	0	0	0.161774	0	0	3
35	7	0	0.803430962	90.3754366	90.3736712	90.3721606	90.3754366	0.00177130757	0	0	0	0.164078	0	0	3
36	7	0	0.826386132	90.3759427	90.3737305	90.3721606	90.3759427	0.00181322117	0	0	0	0.165396	0	0	3
37	7	0	0.849341303	90.3759779	90.373904	90.3725746	90.3759779	0.00186989205	0	0	0	0.167633	0	0	3
38	8	0	0.872296473	90.3759154	90.3740008	90.3725746	90.3759779	0.00193485523	0	0	0	0.170106	0	0	3
39	8	0	0.895251644	90.3757956	90.3741472	90.3728649	90.3759779	0.0020042555	0	0	0	0.172831	0	0	3
40	8	0	0.918206814	90.3757767	90.3742529	90.3728649	90.3759779	0.00207192277	0	0	0	0.176117	0	0	3
41	8	0	0.941161984	90.3764298	90.3744149	90.373229	90.3764298	0.00217180334	0	0	0	0.179788	0	0	3
42	8	0	0.964117155	90.3771092	90.3745824	90.373229	90.3771092	0.00229235899	0	0	0	0.182176	0	0	3
43	9	0	0.987072325	90.3777853	90.3747895	90.3733989	90.3777853	0.00244559638	0	0	0	0.184523	0	0	3
44	9	0	1.0100275	90.378415	90.3750141	90.3733989	90.378415	0.0025692158	0.000623545488	0	0	0.186237	0	0	3
45	9	0	1.03298267	90.3789682	90.3752658	90.3733989	90.3789682	0.00271821349	0.000671112749	0	0	0.187463	0	0	3
46	9	0	1.05593784	90.3794405	90.3755375	90.3733989	90.3794405	0.00288838533	0.000691421077	0	0	0.188767	0	0	3
47	9	0	1.07889301	90.3798342	90.3758301	90.3734435	90.3798342	0.0030779126	0.00070884918	0	0	0.189755	0	0	3
48	9	0	1.10184818	90.3801489	90.3761344	90.3734435	90.3801489	0.00327963404	0.000724329474	0	0	0.191067	0	0	3
49	10	0	1.12480335	90.3803947	90.3764504	90.3734531	90.3803947	0.00349501112	0.000736906018	0	0	0.191959	0	0	3
50	10	0	1.14775852	90.3805805	90.3767743	90.3734888	90.3805805	0.00371877431	0.000747323711	0	0	0.193017	0	0	3
51	10	0	1.17071369	90.3807162	90.3771029	90.3735646	90.3807162	0.00394903035	0.000754973944	0	0	0.193578	0	0	3
52	10	0	1.19366886	90.3808115	90.3774323	90.3739384	90.3808115	0.00416566618	0.000761148229	0	0	0.194514	0	0	3
53	11	0	1.21662403	90.3808756	90.3777476	90.3743011	90.3808756	0.00435882821	0.000765072785	0	0	0.195059	0	0	3
54	11	0	1.2395792	90.3809138	90.3780482	90.3746935	90.3809138	0.00454129849	0.000767855093	0	0	0.195785	0	0	3
55	11	0	1.26253437	90.3809326	90.3783318	90.3750978	90.3809326	0.00482489662	0.00076928222	0	0	0.196202	0	0	3
56	11	0	1.28548954	90.3809382	90.3785972	90.3754366	90.3809382	0.00492601383	0.000770511553	0	0	0.196951	0	0	3
57	11	0	1.30844471	90.3809348	90.3788472	90.3757767	90.3809382	0.00511663918	0.000769303156	0	0	0.19727	0	0	3
58	12	0	1.33139988	90.3809224	90.3790735	90.3757767	90.3809382	0.00516150232	0.000768267386	0	0	0.197912	0	0	3
59	12	0	1.35435505	90.3809047	90.3792975	90.3757767	90.3809382	0.00516150232	0.000764996394	0	0	0.198268	0	0	3
60	12	0	1.37731022	90.3808854	90.3795234	90.3757767	90.3809382	0.00516150232	0.000762134275	0	0	0.198833	0	0	3
61	12	0	1.40026539	90.3808623	90.3797537	90.3757767	90.3809382	0.00516150232	0.000758140552	0	0	0.199063	0	0	3
62	12	0	1.42322056	90.3808376	90.3799837	90.3764298	90.3809382	0.00450840488	0.000754590576	0	0	0.199589	0	0	3
63	13	0	1.44617573	90.3808122	90.3801829	90.3771092	90.3809382	0.00382904937	0.000749766665	0	0	0.199767	0	0	3
64	13	0	1.4691309	90.380787	90.3803501	90.3777853	90.3809382	0.00315288761	0.000745425146	0	0	0.200269	0	0	3
65	13	0	1.49208607	90.380762	90.3804854	90.378415	90.3809382	0.0025231954	0.000740801136	0	0	0.200429	0	0	3
66	13	0	1.51504124	90.3807385	90.380591	90.3789682	90.3809382	0.00197003625	0.00073659749	0	0	0.200929	0	0	3
67	13	0	1.53799641	90.3807171	90.3806705	90.3794405	90.3809382	0.00149770563	0.000732759379	0	0	0.201079	0	0	3
68	14	0	1.56095158	90.380697	90.3807276	90.3798342	90.3809382	0.00110403683	0.00072924111	0	0	0.20157	0	0	3
