Iteration	CPUTime	PhysTime	Travels	Value	AvValue	MinValue	MaxValue	Delta	Criteria	Progress	dGMaxMin	CriteriaType	CriteriaVarType	CriteriaPercentage
1	2	0	0.0167171771	-864341.447	-864341.447	-864341.447	-864341.447	0	0	0	0	5.82989e+06	0	0	3
2	2	0	0.0334343542	-510272.701	-687307.074	-864341.447	-510272.701	177034.373	0	0	0	8.14314e+06	0	0	3
3	3	0	0.0501515313	91761.8816	-427617.422	-864341.447	91761.8816	436724.025	0	0	0	9.66349e+06	0	0	3
4	3	0	0.0668687084	552840.152	-182503.029	-864341.447	552840.152	681838.419	0	0	0	8.85689e+06	0	0	3
5	4	0	0.0835858855	638772.701	-18247.8826	-864341.447	638772.701	846093.565	0	0	0	7.40618e+06	0	0	3
6	4	0	0.100303063	706910.262	102611.808	-864341.447	706910.262	966953.256	0	0	0	6.90151e+06	0	0	3
7	4	0	0.11702024	581348.261	171002.73	-864341.447	706910.262	1035344.18	0	0	0	6.37982e+06	0	0	3
8	4	0	0.133737417	670052.49	233383.95	-864341.447	706910.262	1097725.4	0	0	0	5.8764e+06	0	0	3
9	5	0	0.150454594	531831.802	266544.822	-864341.447	706910.262	1130886.27	0	0	0	5.38127e+06	0	0	3
10	5	0	0.167171771	731905.005	313080.841	-864341.447	731905.005	1177422.29	0	0	0	4.9487e+06	0	0	3
11	5	0	0.183888948	585512.346	337847.341	-864341.447	731905.005	1202188.79	0	0	0	6.87613e+06	0	0	3
12	6	0	0.200606125	839594.725	379659.623	-864341.447	839594.725	1244001.07	0	0	0	5.56034e+06	0	0	3
13	6	0	0.217323302	613139.808	397619.637	-864341.447	839594.725	1261961.08	0	0	0	1.1039e+07	0	0	3
14	6	0	0.234040479	1069601.82	445618.365	-864341.447	1069601.82	1309959.81	0	0	0	8.78407e+06	0	0	3
15	7	0	0.250757657	612849.204	456767.087	-864341.447	1069601.82	1321108.53	0	0	0	2.38155e+07	0	0	3
16	7	0	0.267474834	1164821.46	501020.485	-864341.447	1164821.46	1365361.93	0	0	0	1.06546e+07	0	0	3
17	7	0	0.284192011	712793.172	513477.702	-864341.447	1164821.46	1377819.15	0	0	0	3.39769e+07	0	0	3
18	7	0	0.300909188	1426149.12	564181.67	-864341.447	1426149.12	1428523.12	0	0	0	1.52786e+07	0	0	3
19	8	0	0.317626365	788579.137	575992.063	-864341.447	1426149.12	1440333.51	0	0	0	5.93741e+07	0	0	3
20	8	0	0.334343542	2202546.56	657319.788	-864341.447	2202546.56	1521661.24	0	0	0	2.89891e+07	0	0	3
21	8	0	0.351060719	1221077.41	684165.389	-864341.447	2202546.56	1548506.84	0	0	0	1.65559e+08	0	0	3
22	9	0	0.367777896	2957640.57	787505.17	-864341.447	2957640.57	1651846.62	0	0	0	4.6381e+07	0	0	3
23	9	0	0.384495073	1333754.74	811255.151	-864341.447	2957640.57	1675596.6	0	0	0	2.24411e+08	0	0	3
24	9	0	0.40121225	4933589.58	983019.086	-864341.447	4933589.58	1847360.53	0	0	0	7.52822e+07	0	0	3
25	10	0	0.417929428	1410140.86	1000103.96	-864341.447	4933589.58	1864445.4	0	0	0	4.3272e+08	0	0	3
26	10	0	0.434646605	3487915.81	1095789.03	-864341.447	4933589.58	1960130.48	0	0	0	7.9651e+07	0	0	3
27	10	0	0.451363782	1700931.08	1118201.7	-864341.447	4933589.58	1982543.14	0	0	0	2.86554e+08	0	0	3
28	10	0	0.468080959	3152720.81	1190863.09	-864341.447	4933589.58	2055204.54	0	0	0	6.02313e+07	0	0	3
29	11	0	0.484798136	1781901.08	1211243.71	-864341.447	4933589.58	2075585.16	0	0	0	2.28659e+08	0	0	3
30	11	0	0.501515313	2701627.06	1260923.16	-864341.447	4933589.58	2125264.61	0	0	0	5.10243e+07	0	0	3
31	11	0	0.51823249	2077435.93	1358982.4	-510272.701	4933589.58	2046289.48	0	0	0	2.02847e+08	0	0	3
32	12	0	0.534949667	2021896.7	1443388.05	91761.8816	4933589.58	1871005.47	0	0	0	3.98297e+07	0	0	3
33	12	0	0.551666844	1485530.37	1489847	531831.802	4933589.58	1672350.03	0	0	0	8.58416e+07	0	0	3
34	12	0	0.568384021	1296908.73	1514649.29	531831.802	4933589.58	1532897.17	0	0	0	2.7575e+07	0	0	3
35	13	0	0.585101199	1014371.71	1527169.25	531831.802	4933589.58	1424557.45	0	0	0	3.26369e+07	0	0	3
36	13	0	0.601818376	828262.555	1531214.33	531831.802	4933589.58	1360211.6	0	0	0	2.18674e+07	0	0	3
37	13	0	0.618535553	719910.94	1535833.09	531831.802	4933589.58	1302449.14	0	0	0	1.80298e+07	0	0	3
38	14	0	0.63525273	664025.166	1535632.18	531831.802	4933589.58	1269288.26	0	0	0	1.54092e+07	0	0	3
39	14	0	0.651969907	625600.495	1538757.8	585512.346	4933589.58	1225676.96	0	0	0	1.09909e+07	0	0	3
40	14	0	0.668687084	601629.14	1534415.27	585512.346	4933589.58	1200910.46	0	0	0	9.63592e+06	0	0	3
41	14	0	0.685404261	586037.526	1534432.78	586037.526	4933589.58	1159098.18	0	0	0	7.9831e+06	0	0	3
42	15	0	0.702121438	579876.925	1525775.52	579876.925	4933589.58	1141138.16	0	0	0	7.62498e+06	0	0	3
43	15	0	0.718838615	579078.393	1524640.14	579078.393	4933589.58	1093139.43	0	0	0	6.90612e+06	0	0	3
44	15	0	0.735555792	575862.478	1508182.16	575862.478	4933589.58	1081990.71	0	0	0	6.67861e+06	0	0	3
45	16	0	0.75227297	576251.022	1506962.22	575862.478	4933589.58	1037737.31	0	0	0	6.08543e+06	0	0	3
46	16	0	0.768990147	576650.533	1487356.52	575862.478	4933589.58	1025280.1	0	0	0	5.7998e+06	0	0	3
47	16	0	0.785707324	577886.645	1482859.64	575862.478	4933589.58	974576.129	0	0	0	5.77321e+06	0	0	3
48	17	0	0.802424501	577465.106	1454570.17	575862.478	4933589.58	962765.736	0	0	0	5.79143e+06	0	0	3
49	17	0	0.819141678	577922.563	1447548.28	575862.478	4933589.58	881438.011	0	0	0	5.29731e+06	0	0	3
50	17	0	0.835858855	578456.206	1393411.94	575862.478	4933589.58	854592.41	0	0	0	4.7801e+06	0	0	3
51	18	0	0.852576032	579782.279	1372035.43	575862.478	4933589.58	751252.629	0	0	0	4.82823e+06	0	0	3
52	18	0	0.869293209	580906.883	1292810.98	575862.478	4933589.58	727502.648	0	0	0	4.6842e+06	0	0	3
53	18	0	0.886010386	581759.04	1267744.45	575862.478	4933589.58	555738.713	0	0	0	4.51329e+06	0	0	3
54	18	0	0.902727563	582723.218	1122715.58	575862.478	3487915.81	538653.842	0	0	0	4.04225e+06	0	0	3
55	19	0	0.919444741	583576.159	1095163.42	575862.478	3487915.81	443594.38	0	0	0	4.18066e+06	0	0	3
56	19	0	0.936161918	584039.019	998367.526	575862.478	3152720.81	540390.273	0	0	0	3.95169e+06	0	0	3
57	19	0	0.952879095	584412.754	961150.248	575862.478	3152720.81	577607.551	0	0	0	3.90261e+06	0	0	3
58	20	0	0.969596272	585850.238	875587.896	575862.478	2701627.06	663169.903	0	0	0	3.77216e+06	0	0	3
59	20	0	0.986313449	585321.115	835701.897	575862.478	2701627.06	703055.902	0	0	0	3.62984e+06	0	0	3
60	20	0	1.00303063	586612.124	765201.399	575862.478	2077435.93	773556.4	145254.831	0	18.7	3.57271e+06	0	0	3
61	21	0	1.0197478	586205.416	715493.715	575862.478	2021896.7	823264.084	145254.831	0	17.6	3.42124e+06	0	0	3
62	21	0	1.03646498	586676.558	667653.044	575862.478	1485530.37	871104.755	145254.831	0	16.6	3.36847e+06	0	0	3
63	21	0	1.05318216	586909.147	637699.003	575862.478	1296908.73	721046.254	145254.831	0	20.1	3.24267e+06	0	0	3
64	22	0	1.06989933	587378.533	614047.996	575862.478	1014371.71	438509.232	145254.831	0	33.1	3.22034e+06	0	0	3
65	22	0	1.08661651	587845.787	599830.465	575862.478	828262.555	252400.077	145254.831	0	57.5	3.11574e+06	0	0	3
66	22	0	1.10333369	587718.454	591812.329	575862.478	719910.94	144048.462	145254.831	0	100	3.08964e+06	0	0	3
67	23	0	1.12005087	588043.858	587416.759	575862.478	664025.166	88162.6876	145254.831	0	100	3.06355e+06	0	0	3
68	23	0	1.13676804	588028.064	584883.523	575862.478	625600.495	49738.0172	145254.831	0	100	3.03862e+06	0	0	3
69	24	0	1.15348522	588353.488	583641.956	575862.478	601629.14	25766.6625	145254.831	0	100	3.01118e+06	0	0	3
70	24	0	1.1702024	588214.067	583194.787	575862.478	588353.488	12491.0103	145254.831	0	100	2.9869e+06	0	0	3
71	24	0	1.18691957	588456.402	583275.416	575862.478	588456.402	12593.9238	145254.831	0	100	2.96006e+06	0	0	3
72	25	0	1.20363675	588433.444	583560.633	575862.478	588456.402	12593.9238	145254.831	0	100	2.93523e+06	0	0	3
73	25	0	1.22035393	588726.486	583882.236	575862.478	588726.486	12864.0083	145254.831	0	100	2.91045e+06	0	0	3
74	25	0	1.23707111	588693.662	584309.942	576251.022	588726.486	12475.4643	145254.831	0	100	2.9e+06	0	0	3
75	26	0	1.25378828	588740.228	584726.249	576650.533	588740.228	12089.6949	145254.831	0	100	2.89806e+06	0	0	3
76	26	0	1.27050546	589111.054	585141.6	577465.106	589111.054	11645.9473	145254.831	0	100	2.90078e+06	0	0	3
