Iteration	CPUTime	PhysTime	Travels	Value	AvValue	MinValue	MaxValue	Delta	Criteria	Progress	dGMaxMin	CriteriaType	CriteriaVarType	CriteriaPercentage
1	2	0	0.0167171771	-1383828.24	-1383828.24	-1383828.24	-1383828.24	0	0	0	0	5.82989e+06	0	0	3
2	2	0	0.0334343542	-46317.281	-715072.759	-1383828.24	-46317.281	668755.478	0	0	0	8.14314e+06	0	0	3
3	3	0	0.0501515313	317783.933	-370787.195	-1383828.24	317783.933	1013041.04	0	0	0	9.66349e+06	0	0	3
4	3	0	0.0668687084	472496.641	-159966.236	-1383828.24	472496.641	1223862	0	0	0	8.85689e+06	0	0	3
5	4	0	0.0835858855	417519.946	-44468.9997	-1383828.24	472496.641	1339359.24	0	0	0	7.40618e+06	0	0	3
6	4	0	0.100303063	424172.726	33637.9546	-1383828.24	472496.641	1417466.19	0	0	0	6.90151e+06	0	0	3
7	4	0	0.11702024	410802.215	87518.5632	-1383828.24	472496.641	1471346.8	0	0	0	6.37982e+06	0	0	3
8	4	0	0.133737417	408023.734	127581.71	-1383828.24	472496.641	1511409.95	0	0	0	5.8764e+06	0	0	3
9	5	0	0.150454594	404012.882	158296.284	-1383828.24	472496.641	1542124.52	0	0	0	5.38127e+06	0	0	3
10	5	0	0.167171771	400152.579	182481.914	-1383828.24	472496.641	1566310.15	0	0	0	4.9487e+06	0	0	3
11	5	0	0.183888948	393940.179	201705.392	-1383828.24	472496.641	1585533.63	0	0	0	6.87613e+06	0	0	3
12	6	0	0.200606125	387995.95	217229.606	-1383828.24	472496.641	1601057.84	0	0	0	5.56034e+06	0	0	3
13	6	0	0.217323302	381655.962	229877.787	-1383828.24	472496.641	1613706.02	0	0	0	1.1039e+07	0	0	3
14	6	0	0.234040479	376326.975	240338.443	-1383828.24	472496.641	1624166.68	0	0	0	8.78407e+06	0	0	3
15	7	0	0.250757657	372276.354	249134.304	-1383828.24	472496.641	1632962.54	0	0	0	2.38155e+07	0	0	3
16	7	0	0.267474834	369523.342	256658.619	-1383828.24	472496.641	1640486.86	0	0	0	1.06546e+07	0	0	3
17	7	0	0.284192011	365534.926	263063.107	-1383828.24	472496.641	1646891.34	0	0	0	3.39769e+07	0	0	3
18	7	0	0.300909188	363065.49	268618.795	-1383828.24	472496.641	1652447.03	0	0	0	1.52786e+07	0	0	3
19	8	0	0.317626365	361598.396	273512.459	-1383828.24	472496.641	1657340.7	0	0	0	5.93741e+07	0	0	3
20	8	0	0.334343542	360302.341	277851.953	-1383828.24	472496.641	1661680.19	0	0	0	2.89891e+07	0	0	3
21	8	0	0.351060719	358544.611	281694.46	-1383828.24	472496.641	1665522.7	0	0	0	1.65559e+08	0	0	3
22	9	0	0.367777896	356397.948	285090.073	-1383828.24	472496.641	1668918.31	0	0	0	4.6381e+07	0	0	3
23	9	0	0.384495073	355231.983	288139.722	-1383828.24	472496.641	1671967.96	0	0	0	2.24411e+08	0	0	3
24	9	0	0.40121225	354650.559	290911.006	-1383828.24	472496.641	1674739.24	0	0	0	7.52822e+07	0	0	3
25	10	0	0.417929428	354372.818	293449.479	-1383828.24	472496.641	1677277.72	0	0	0	4.3272e+08	0	0	3
26	10	0	0.434646605	353484.161	295758.505	-1383828.24	472496.641	1679586.74	0	0	0	7.9651e+07	0	0	3
27	10	0	0.451363782	352961.242	297877.125	-1383828.24	472496.641	1681705.36	0	0	0	2.86554e+08	0	0	3
28	10	0	0.468080959	351894.48	299806.316	-1383828.24	472496.641	1683634.55	0	0	0	6.02313e+07	0	0	3
29	11	0	0.484798136	351671.578	301594.774	-1383828.24	472496.641	1685423.01	0	0	0	2.28659e+08	0	0	3
30	11	0	0.501515313	351958.155	303273.553	-1383828.24	472496.641	1687101.79	0	0	0	5.10243e+07	0	0	3
31	11	0	0.51823249	351905.79	361131.354	-46317.281	472496.641	518813.922	0	0	0	2.02847e+08	0	0	3
32	12	0	0.534949667	350629.49	374362.913	317783.933	472496.641	154712.709	0	0	0	3.98297e+07	0	0	3
33	12	0	0.551666844	350466.214	375452.322	350466.214	472496.641	122030.427	0	0	0	8.58416e+07	0	0	3
34	12	0	0.568384021	349828.951	371363.399	349828.951	424172.726	74343.7748	0	0	0	2.7575e+07	0	0	3
35	13	0	0.585101199	349727.648	369103.656	349727.648	424172.726	74445.0781	0	0	0	3.26369e+07	0	0	3
36	13	0	0.601818376	348741.61	366589.286	348741.61	410802.215	62060.6051	0	0	0	2.18674e+07	0	0	3
37	13	0	0.618535553	347743.017	364487.312	347743.017	408023.734	60280.7167	0	0	0	1.80298e+07	0	0	3
38	14	0	0.63525273	346732.825	362444.282	346732.825	404012.882	57280.0566	0	0	0	1.54092e+07	0	0	3
39	14	0	0.651969907	346489	360526.819	346489	400152.579	53663.5789	0	0	0	1.09909e+07	0	0	3
40	14	0	0.668687084	346412.538	358735.485	346412.538	393940.179	47527.6405	0	0	0	9.63592e+06	0	0	3
41	14	0	0.685404261	346720.406	357161.492	346412.538	387995.95	41583.412	0	0	0	7.9831e+06	0	0	3
42	15	0	0.702121438	346070.852	355763.989	346070.852	381655.962	35585.1098	0	0	0	7.62498e+06	0	0	3
43	15	0	0.718838615	345681.815	354564.851	345681.815	376326.975	30645.1602	0	0	0	6.90612e+06	0	0	3
44	15	0	0.735555792	344921.809	353518.012	344921.809	372276.354	27354.5456	0	0	0	6.67861e+06	0	0	3
45	16	0	0.75227297	345433.222	352623.241	344921.809	369523.342	24601.5337	0	0	0	6.08543e+06	0	0	3
46	16	0	0.768990147	345752.884	351830.892	344921.809	365534.926	20613.1177	0	0	0	5.7998e+06	0	0	3
47	16	0	0.785707324	346311.343	351190.106	344921.809	363065.49	18143.6817	0	0	0	5.77321e+06	0	0	3
48	17	0	0.802424501	346489.894	350637.586	344921.809	361598.396	16676.5874	0	0	0	5.79143e+06	0	0	3
49	17	0	0.819141678	346919.304	350148.283	344921.809	360302.341	15380.5318	0	0	0	5.29731e+06	0	0	3
50	17	0	0.835858855	347434.057	349719.34	344921.809	358544.611	13622.8025	0	0	0	4.7801e+06	0	0	3
51	18	0	0.852576032	347755.378	349359.699	344921.809	356397.948	11476.1394	0	0	0	4.82823e+06	0	0	3
52	18	0	0.869293209	347882.725	349075.858	344921.809	355231.983	10310.1746	0	0	0	4.6842e+06	0	0	3
53	18	0	0.886010386	348377.265	348847.368	344921.809	354650.559	9728.74975	0	0	0	4.51329e+06	0	0	3
54	18	0	0.902727563	348327.665	348636.605	344921.809	354372.818	9451.00899	0	0	0	4.04225e+06	0	0	3
55	19	0	0.919444741	348481.488	348440.227	344921.809	353484.161	8562.35241	0	0	0	4.18066e+06	0	0	3
56	19	0	0.936161918	348062.145	348259.493	344921.809	352961.242	8039.43367	0	0	0	3.95169e+06	0	0	3
57	19	0	0.952879095	348226.458	348101.667	344921.809	351958.155	7036.34663	0	0	0	3.90261e+06	0	0	3
58	20	0	0.969596272	347806.61	347965.405	344921.809	351958.155	7036.34663	0	0	0	3.77216e+06	0	0	3
59	20	0	0.986313449	348338.642	347854.307	344921.809	351958.155	7036.34663	0	0	0	3.62984e+06	0	0	3
60	20	0	1.00303063	347983.771	347721.827	344921.809	351905.79	6983.98106	4641.38126	0	66.4	3.57271e+06	0	0	3
61	21	0	1.0197478	348284.812	347601.128	344921.809	350629.49	5707.68116	4641.38126	0	81.3	3.42124e+06	0	0	3
62	21	0	1.03646498	347794.708	347506.635	344921.809	350466.214	5544.40571	4641.38126	0	83.7	3.36847e+06	0	0	3
63	21	0	1.05318216	347901.561	347421.147	344921.809	349828.951	4907.14256	4641.38126	0	94.5	3.24267e+06	0	0	3
64	22	0	1.06989933	347409.578	347340.501	344921.809	349727.648	4805.83928	4641.38126	0	96.5	3.22034e+06	0	0	3
65	22	0	1.08661651	347278.938	347258.877	344921.809	348741.61	3819.80126	4641.38126	0	100	3.11574e+06	0	0	3
66	22	0	1.10333369	346749.877	347192.486	344921.809	348481.488	3559.67963	4641.38126	0	100	3.08964e+06	0	0	3
67	23	0	1.12005087	346939.709	347165.709	344921.809	348481.488	3559.67963	4641.38126	0	100	3.06355e+06	0	0	3
68	23	0	1.13676804	347151.884	347179.678	344921.809	348481.488	3559.67963	4641.38126	0	100	3.03862e+06	0	0	3
69	24	0	1.15348522	347697.036	347219.946	344921.809	348481.488	3559.67963	4641.38126	0	100	3.01118e+06	0	0	3
70	24	0	1.1702024	347599.158	347259.5	344921.809	348481.488	3559.67963	4641.38126	0	100	2.9869e+06	0	0	3
71	24	0	1.18691957	347766.406	347294.366	344921.809	348481.488	3559.67963	4641.38126	0	100	2.96006e+06	0	0	3
72	25	0	1.20363675	347015.267	347325.847	344921.809	348481.488	3559.67963	4641.38126	0	100	2.93523e+06	0	0	3
73	25	0	1.22035393	347247.819	347378.047	344921.809	348481.488	3559.67963	4641.38126	0	100	2.91045e+06	0	0	3
74	25	0	1.23707111	347146.936	347452.218	345433.222	348481.488	3048.26607	4641.38126	0	100	2.9e+06	0	0	3
75	26	0	1.25378828	347299.676	347514.433	345752.884	348481.488	2728.60423	4641.38126	0	100	2.89806e+06	0	0	3
76	26	0	1.27050546	346888.258	347552.279	346311.343	348481.488	2170.1451	4641.38126	0	100	2.90078e+06	0	0	3
