Iteration	CPUTime	PhysTime	Travels	Value	AvValue	MinValue	MaxValue	Delta	Criteria	Progress	dGMaxMin	CriteriaType	CriteriaVarType	CriteriaPercentage
1	2	0	0.0167171771	-6.80095886e-05	-6.80095886e-05	-6.80095886e-05	-6.80095886e-05	0	0	0	0	0	0	0	3
2	2	0	0.0334343542	-3.26682497e-07	-3.41681355e-05	-6.80095886e-05	-3.26682497e-07	3.3841453e-05	0	0	0	0	0	0	3
3	3	0	0.0501515313	5.23472068e-07	-2.26042663e-05	-6.80095886e-05	5.23472068e-07	4.54053222e-05	0	0	0	0	0	0	3
4	3	0	0.0668687084	1.33630526e-07	-1.69197921e-05	-6.80095886e-05	5.23472068e-07	5.10897964e-05	0	0	0	0	0	0	3
5	4	0	0.0835858855	7.51647539e-09	-1.35343304e-05	-6.80095886e-05	5.23472068e-07	5.44752582e-05	0	0	0	0	0	0	3
6	4	0	0.100303063	-2.68251004e-08	-1.12830795e-05	-6.80095886e-05	5.23472068e-07	5.6726509e-05	0	0	0	0	0	0	3
7	4	0	0.11702024	-5.41326925e-08	-9.67894425e-06	-6.80095886e-05	5.23472068e-07	5.83306443e-05	0	0	0	0	0	0	3
8	4	0	0.133737417	-1.72266519e-07	-8.49060954e-06	-6.80095886e-05	5.23472068e-07	5.9518979e-05	0	0	0	0	0	0	3
9	5	0	0.150454594	-1.50519582e-07	-7.56393288e-06	-6.80095886e-05	5.23472068e-07	6.04456557e-05	0	0	0	0	0	0	3
10	5	0	0.167171771	-1.53128025e-07	-6.82285239e-06	-6.80095886e-05	5.23472068e-07	6.11867362e-05	0	0	0	0	0	0	3
11	5	0	0.183888948	-5.50613737e-08	-6.20759866e-06	-6.80095886e-05	5.23472068e-07	6.18019899e-05	0	0	0	0	0	0	3
12	6	0	0.200606125	-2.01933178e-07	-5.70712654e-06	-6.80095886e-05	5.23472068e-07	6.2302462e-05	0	0	0	0	0	0	3
13	6	0	0.217323302	-1.99475835e-07	-5.2834611e-06	-6.80095886e-05	5.23472068e-07	6.27261275e-05	0	0	0	0	0	0	3
14	6	0	0.234040479	-2.11559237e-07	-4.92118239e-06	-6.80095886e-05	5.23472068e-07	6.30884062e-05	0	0	0	0	0	0	3
15	7	0	0.250757657	-3.12168167e-07	-4.61391478e-06	-6.80095886e-05	5.23472068e-07	6.33956738e-05	0	0	0	0	0	0	3
16	7	0	0.267474834	-2.7176242e-07	-4.34253026e-06	-6.80095886e-05	5.23472068e-07	6.36670583e-05	0	0	0	0	0	0	3
17	7	0	0.284192011	-3.62942957e-07	-4.10843689e-06	-6.80095886e-05	5.23472068e-07	6.39011517e-05	0	0	0	0	0	0	3
18	7	0	0.300909188	-3.75314104e-07	-3.90104118e-06	-6.80095886e-05	5.23472068e-07	6.41085474e-05	0	0	0	0	0	0	3
19	8	0	0.317626365	-3.15093933e-07	-3.71230711e-06	-6.80095886e-05	5.23472068e-07	6.42972814e-05	0	0	0	0	0	0	3
20	8	0	0.334343542	-5.15426901e-07	-3.5524631e-06	-6.80095886e-05	5.23472068e-07	6.44571255e-05	0	0	0	0	0	0	3
21	8	0	0.351060719	-4.57308517e-07	-3.40507479e-06	-6.80095886e-05	5.23472068e-07	6.46045138e-05	0	0	0	0	0	0	3
22	9	0	0.367777896	-6.07369965e-07	-3.27790639e-06	-6.80095886e-05	5.23472068e-07	6.47316822e-05	0	0	0	0	0	0	3
23	9	0	0.384495073	-5.39786114e-07	-3.15885768e-06	-6.80095886e-05	5.23472068e-07	6.48507309e-05	0	0	0	0	0	0	3
24	9	0	0.40121225	-4.07145584e-07	-3.04420301e-06	-6.80095886e-05	5.23472068e-07	6.49653856e-05	0	0	0	0	0	0	3
25	10	0	0.417929428	-5.60264461e-07	-2.94484547e-06	-6.80095886e-05	5.23472068e-07	6.50647431e-05	0	0	0	0	0	0	3
26	10	0	0.434646605	-6.90243903e-07	-2.85813002e-06	-6.80095886e-05	5.23472068e-07	6.51514585e-05	0	0	0	0	0	0	3
27	10	0	0.451363782	-6.79479532e-07	-2.77743926e-06	-6.80095886e-05	5.23472068e-07	6.52321493e-05	0	0	0	0	0	0	3
28	10	0	0.468080959	-7.67589507e-07	-2.70565891e-06	-6.80095886e-05	5.23472068e-07	6.53039296e-05	0	0	0	0	0	0	3
29	11	0	0.484798136	-6.14915242e-07	-2.6335643e-06	-6.80095886e-05	5.23472068e-07	6.53760243e-05	0	0	0	0	0	0	3
30	11	0	0.501515313	-1.01433508e-06	-2.57959e-06	-6.80095886e-05	5.23472068e-07	6.54299986e-05	0	0	0	0	0	0	3
31	11	0	0.51823249	-1.00351607e-06	-3.46054247e-07	-1.01433508e-06	5.23472068e-07	1.53780715e-06	0	0	0	0	0	0	3
32	12	0	0.534949667	-9.41191711e-07	-3.66537888e-07	-1.01433508e-06	5.23472068e-07	1.53780715e-06	0	0	0	0	0	0	3
33	12	0	0.551666844	-1.08741867e-06	-4.20234246e-07	-1.08741867e-06	1.33630526e-07	1.2210492e-06	0	0	0	0	0	0	3
34	12	0	0.568384021	-7.66133513e-05	-2.97846697e-06	-7.66133513e-05	7.51647539e-09	1.31882761e-05	0	0	0	0	0	0	3
35	13	0	0.585101199	-8.73150637e-07	-3.00782254e-06	-7.66133513e-05	-2.68251004e-08	1.09370253e-05	0	0	0	0	0	0	3
36	13	0	0.601818376	-6.46682177e-05	-5.16253563e-06	-7.66133513e-05	-5.41326925e-08	9.33289001e-06	0	0	0	0	0	0	3
37	13	0	0.618535553	-7.7728571e-07	-5.18664073e-06	-7.66133513e-05	-5.50613737e-08	8.14455529e-06	0	0	0	0	0	0	3
38	14	0	0.63525273	-2.02665199e-05	-5.85644918e-06	-7.66133513e-05	-5.50613737e-08	7.21787863e-06	0	0	0	0	0	0	3
39	14	0	0.651969907	-1.39984011e-06	-5.89809319e-06	-7.66133513e-05	-5.50613737e-08	6.47679814e-06	0	0	0	0	0	0	3
40	14	0	0.668687084	-1.76623065e-06	-5.95186328e-06	-7.66133513e-05	-5.50613737e-08	5.86154441e-06	0	0	0	0	0	0	3
41	14	0	0.685404261	-9.68204907e-07	-5.9823014e-06	-7.66133513e-05	-1.99475835e-07	5.63624715e-06	0	0	0	0	0	0	3
42	15	0	0.702121438	-1.20098794e-06	-6.01560323e-06	-7.66133513e-05	-1.99475835e-07	5.66954898e-06	0	0	0	0	0	0	3
43	15	0	0.718838615	-5.16585097e-07	-6.02617353e-06	-7.66133513e-05	-2.11559237e-07	5.68011929e-06	0	0	0	0	0	0	3
44	15	0	0.735555792	-5.43769833e-07	-6.03724722e-06	-7.66133513e-05	-2.7176242e-07	5.69119297e-06	0	0	0	0	0	0	3
45	16	0	0.75227297	-5.44609158e-07	-6.04499525e-06	-7.66133513e-05	-2.7176242e-07	5.69894101e-06	0	0	0	0	0	0	3
46	16	0	0.768990147	-7.19910159e-07	-6.05993351e-06	-7.66133513e-05	-3.15093933e-07	5.71387926e-06	0	0	0	0	0	0	3
47	16	0	0.785707324	-7.76604161e-07	-6.07372222e-06	-7.66133513e-05	-3.15093933e-07	5.72766797e-06	0	0	0	0	0	0	3
48	17	0	0.802424501	-8.46746773e-07	-6.08943664e-06	-7.66133513e-05	-3.15093933e-07	5.74338239e-06	0	0	0	0	0	0	3
49	17	0	0.819141678	-8.38024699e-07	-6.10686767e-06	-7.66133513e-05	-4.07145584e-07	5.76081342e-06	0	0	0	0	0	0	3
50	17	0	0.835858855	-6.07850919e-07	-6.10994847e-06	-7.66133513e-05	-4.07145584e-07	5.76389422e-06	0	0	0	0	0	0	3
51	18	0	0.852576032	-8.20338848e-07	-6.12204948e-06	-7.66133513e-05	-4.07145584e-07	5.77599523e-06	0	0	0	0	0	0	3
52	18	0	0.869293209	-7.01693814e-07	-6.12519361e-06	-7.66133513e-05	-4.07145584e-07	5.77913936e-06	0	0	0	0	0	0	3
53	18	0	0.886010386	-7.15793052e-07	-6.1310605e-06	-7.66133513e-05	-4.07145584e-07	5.78500626e-06	0	0	0	0	0	0	3
54	18	0	0.902727563	-6.66115072e-07	-6.13969282e-06	-7.66133513e-05	-5.16585097e-07	5.79363857e-06	0	0	0	0	0	0	3
55	19	0	0.919444741	-1.16306818e-06	-6.15978628e-06	-7.66133513e-05	-5.16585097e-07	5.81373203e-06	0	0	0	0	0	0	3
56	19	0	0.936161918	-1.74122537e-06	-6.19481899e-06	-7.66133513e-05	-5.16585097e-07	5.84876475e-06	0	0	0	0	0	0	3
57	19	0	0.952879095	-1.56190049e-06	-6.22423303e-06	-7.66133513e-05	-5.16585097e-07	5.87817878e-06	0	0	0	0	0	0	3
58	20	0	0.969596272	-1.60791092e-06	-6.25224374e-06	-7.66133513e-05	-5.16585097e-07	5.90618949e-06	0	0	0	0	0	0	3
59	20	0	0.986313449	-1.27863698e-06	-6.2743678e-06	-7.66133513e-05	-5.16585097e-07	5.92831355e-06	0	0	0	0	0	0	3
60	20	0	1.00303063	-2.58306097e-07	-6.24916683e-06	-7.66133513e-05	-2.58306097e-07	5.92831355e-06	0.0098892722	0	0	0	0	0	3
61	21	0	1.0197478	-7.41610978e-07	-6.24043666e-06	-7.66133513e-05	-2.58306097e-07	5.90782991e-06	0.00988926693	0	0	0	0	0	3
62	21	0	1.03646498	-7.21501488e-07	-6.23311365e-06	-7.66133513e-05	-2.58306097e-07	5.85413355e-06	0.00988926715	0	0	0	0	0	3
63	21	0	1.05318216	-8.17041651e-07	-6.22410109e-06	-7.66133513e-05	-2.58306097e-07	3.29590082e-06	0.00988926611	0	0	0	0	0	3
64	22	0	1.06989933	-9.07612124e-07	-3.70057645e-06	-6.46682177e-05	-2.58306097e-07	3.26654525e-06	0.00988926512	0	0	0	0	0	3
65	22	0	1.08661651	-6.89205841e-07	-3.69444495e-06	-6.46682177e-05	-2.58306097e-07	2.57992284e-06	0.0098892675	0	0	0	0	0	3
66	22	0	1.10333369	-2.58071243e-07	-1.54744007e-06	-2.02665199e-05	-2.58071243e-07	4.72692773e-06	0.0098892722	0	0	0	0	0	3
67	23	0	1.12005087	-2.23005247e-07	-1.52896406e-06	-2.02665199e-05	-2.23005247e-07	4.74540374e-06	0.00988927258	0	0	0	0	0	3
68	23	0	1.13676804	5.87413302e-07	-8.3383295e-07	-1.76623065e-06	5.87413302e-07	2.35364396e-06	0.00988928142	0	0	0	0	0	3
69	24	0	1.15348522	4.1693288e-07	-7.7327385e-07	-1.76623065e-06	5.87413302e-07	2.35364396e-06	0.00988927956	0	0	0	0	0	3
70	24	0	1.1702024	5.19876627e-07	-6.97070274e-07	-1.74122537e-06	5.87413302e-07	2.32863868e-06	0.00988928068	0	0	0	0	0	3
71	24	0	1.18691957	-5.62636446e-07	-6.83551325e-07	-1.74122537e-06	5.87413302e-07	2.32863868e-06	0.00988926888	0	0	0	0	0	3
72	25	0	1.20363675	-6.45127621e-07	-6.65022648e-07	-1.74122537e-06	5.87413302e-07	2.32863868e-06	0.00988926798	0	0	0	0	0	3
73	25	0	1.22035393	-5.65888246e-07	-6.66666087e-07	-1.74122537e-06	5.87413302e-07	2.32863868e-06	0.00988926885	0	0	0	0	0	3
74	25	0	1.23707111	-5.49267334e-07	-6.66849337e-07	-1.74122537e-06	5.87413302e-07	2.32863868e-06	0.00988926903	0	0	0	0	0	3
75	26	0	1.25378828	1.44426962e-07	-6.43881466e-07	-1.74122537e-06	5.87413302e-07	2.32863868e-06	0.00988927659	0	0	0	0	0	3
76	26	0	1.27050546	-4.01009821e-07	-6.33251455e-07	-1.74122537e-06	5.87413302e-07	2.32863868e-06	0.00988927064	0	0	0	0	0	3
