Iteration	CPUTime	PhysTime	Travels	Value	AvValue	MinValue	MaxValue	Delta	Criteria	Progress	dGMaxMin	CriteriaType	CriteriaVarType	CriteriaPercentage
1	2	0	0.0167403589	-1330664.06	-1330664.06	-1330664.06	-1330664.06	0	0	0	0	6.67001e+06	0	0	3
2	2	0	0.0334807178	-872618.229	-1101641.14	-1330664.06	-872618.229	229022.914	0	0	0	5.44207e+06	0	0	3
3	3	0	0.0502210767	3945.66962	-733112.205	-1330664.06	3945.66962	597551.851	0	0	0	6.20225e+06	0	0	3
4	3	0	0.0669614355	511894.138	-421860.619	-1330664.06	511894.138	908803.437	0	0	0	6.26892e+06	0	0	3
5	3	0	0.0837017944	629908.199	-211506.856	-1330664.06	629908.199	1119157.2	0	0	0	6.02912e+06	0	0	3
6	4	0	0.100442153	595965.176	-76928.1836	-1330664.06	629908.199	1253735.87	0	0	0	5.86846e+06	0	0	3
7	4	0	0.117182512	540747.491	11311.1985	-1330664.06	629908.199	1341975.25	0	0	0	5.83316e+06	0	0	3
8	4	0	0.133922871	498964.353	72267.8428	-1330664.06	629908.199	1402931.9	0	0	0	5.76058e+06	0	0	3
9	4	0	0.15066323	471813.649	116661.821	-1330664.06	629908.199	1447325.88	0	0	0	5.6376e+06	0	0	3
10	5	0	0.167403589	461936.228	151189.262	-1330664.06	629908.199	1481853.32	0	0	0	5.4839e+06	0	0	3
11	5	0	0.184143948	465962.638	179805.023	-1330664.06	629908.199	1510469.08	0	0	0	5.36675e+06	0	0	3
12	5	0	0.200884307	473053.426	204242.39	-1330664.06	629908.199	1534906.45	0	0	0	5.25614e+06	0	0	3
13	5	0	0.217624665	481878.82	225599.039	-1330664.06	629908.199	1556263.09	0	0	0	5.14261e+06	0	0	3
14	6	0	0.234365024	485860.454	244189.14	-1330664.06	629908.199	1574853.2	0	0	0	5.04047e+06	0	0	3
15	6	0	0.251105383	488557.761	260480.381	-1330664.06	629908.199	1591144.44	0	0	0	4.95617e+06	0	0	3
16	6	0	0.267845742	486852.34	274628.629	-1330664.06	629908.199	1605292.68	0	0	0	4.88716e+06	0	0	3
17	7	0	0.284586101	485404.16	287027.189	-1330664.06	629908.199	1617691.25	0	0	0	4.85561e+06	0	0	3
18	7	0	0.30132646	483548.6	297945.045	-1330664.06	629908.199	1628609.1	0	0	0	4.80842e+06	0	0	3
19	7	0	0.318066819	484014.552	307738.177	-1330664.06	629908.199	1638402.23	0	0	0	4.78196e+06	0	0	3
20	7	0	0.334807178	484405.709	316571.554	-1330664.06	629908.199	1647235.61	0	0	0	4.75959e+06	0	0	3
21	8	0	0.351547537	485760.362	324628.164	-1330664.06	629908.199	1655292.22	0	0	0	4.752e+06	0	0	3
22	8	0	0.368287895	487585.415	332035.312	-1330664.06	629908.199	1662699.37	0	0	0	4.74259e+06	0	0	3
23	8	0	0.385028254	488107.173	338821.045	-1330664.06	629908.199	1669485.1	0	0	0	4.73891e+06	0	0	3
24	9	0	0.401768613	487502.719	345016.115	-1330664.06	629908.199	1675680.17	0	0	0	4.72156e+06	0	0	3
25	9	0	0.418508972	486523.33	350676.403	-1330664.06	629908.199	1681340.46	0	0	0	4.72509e+06	0	0	3
26	9	0	0.435249331	486041.206	355882.742	-1330664.06	629908.199	1686546.8	0	0	0	4.71592e+06	0	0	3
27	10	0	0.45198969	485849.656	360696.331	-1330664.06	629908.199	1691360.39	0	0	0	4.72665e+06	0	0	3
28	10	0	0.468730049	486147.85	365176.743	-1330664.06	629908.199	1695840.8	0	0	0	4.71676e+06	0	0	3
29	10	0	0.485470408	487383.327	369390.763	-1330664.06	629908.199	1700054.82	0	0	0	4.73299e+06	0	0	3
30	10	0	0.502210767	488909.673	373374.726	-1330664.06	629908.199	1704038.78	0	0	0	4.72987e+06	0	0	3
31	11	0	0.518951125	489512.031	434047.263	-872618.229	629908.199	1502526.43	0	0	0	4.74369e+06	0	0	3
32	11	0	0.535691484	489540.198	479452.543	3945.66962	629908.199	625962.53	0	0	0	4.73428e+06	0	0	3
33	11	0	0.552431843	488747.53	495612.605	461936.228	629908.199	167971.971	0	0	0	4.74006e+06	0	0	3
34	12	0	0.569172202	488198.932	494822.765	461936.228	629908.199	167971.971	0	0	0	4.73688e+06	0	0	3
35	12	0	0.585912561	487919.28	490089.801	461936.228	595965.176	134028.948	0	0	0	4.73658e+06	0	0	3
36	12	0	0.60265292	487987.881	486490.558	461936.228	540747.491	78811.2629	0	0	0	4.73296e+06	0	0	3
37	12	0	0.619393279	488526.325	484749.853	461936.228	498964.353	37028.1249	0	0	0	4.72509e+06	0	0	3
38	13	0	0.636133638	489270.565	484426.726	461936.228	489540.198	27603.9692	0	0	0	4.74004e+06	0	0	3
39	13	0	0.652873996	489638.441	485020.886	461936.228	489638.441	27702.2127	0	0	0	4.71067e+06	0	0	3
40	13	0	0.669614355	489142.351	485927.757	465962.638	489638.441	23675.8034	0	0	0	4.74711e+06	0	0	3
41	14	0	0.686354714	489524.643	486713.157	473053.426	489638.441	16585.0149	0	0	0	4.687e+06	0	0	3
42	14	0	0.703095073	490183.429	487284.157	481878.82	490183.429	8304.60859	0	0	0	4.77506e+06	0	0	3
43	14	0	0.719835432	490439.414	487569.51	483548.6	490439.414	6890.8135	0	0	0	4.6666e+06	0	0	3
44	15	0	0.736575791	490704.787	487730.988	483548.6	490704.787	7156.18722	0	0	0	4.77545e+06	0	0	3
45	15	0	0.75331615	490685.944	487801.927	483548.6	490704.787	7156.18722	0	0	0	4.66101e+06	0	0	3
46	15	0	0.770056509	490958.942	487938.814	483548.6	490958.942	7410.34218	0	0	0	4.7743e+06	0	0	3
47	15	0	0.786796868	491268.316	488134.286	483548.6	491268.316	7719.71644	0	0	0	4.65625e+06	0	0	3
48	16	0	0.803537226	491975.357	488415.178	484014.552	491975.357	7960.8041	0	0	0	4.77436e+06	0	0	3
49	16	0	0.820277585	492238.438	488689.307	484405.709	492238.438	7832.7289	0	0	0	4.65416e+06	0	0	3
50	16	0	0.837017944	492625.593	488963.304	485760.362	492625.593	6865.23097	0	0	0	4.77434e+06	0	0	3
51	17	0	0.853758303	492836.601	489199.178	485849.656	492836.601	6986.94558	0	0	0	4.65204e+06	0	0	3
52	17	0	0.870498662	493055.413	489381.512	485849.656	493055.413	7205.75711	0	0	0	4.76968e+06	0	0	3
53	17	0	0.887239021	493385.825	489557.467	485849.656	493385.825	7536.16869	0	0	0	4.64861e+06	0	0	3
54	17	0	0.90397938	493767.569	489766.295	485849.656	493767.569	7917.91269	0	0	0	4.7705e+06	0	0	3
55	18	0	0.920719739	493677.396	490004.764	485849.656	493767.569	7917.91269	0	0	0	4.64632e+06	0	0	3
56	18	0	0.937460098	493974.694	490269.213	485849.656	493974.694	8125.03772	0	0	0	4.76752e+06	0	0	3
57	18	0	0.954200456	494094.662	490544.047	486147.85	494094.662	7946.81179	0	0	0	4.64517e+06	0	0	3
58	19	0	0.970940815	493591.991	490792.185	487383.327	494094.662	6711.33503	0	0	0	4.76513e+06	0	0	3
59	19	0	0.987681174	493557.579	490997.993	487919.28	494094.662	6175.38174	0	0	0	4.64254e+06	0	0	3
60	19	0	1.00442153	493794.742	491160.829	487919.28	494094.662	6175.38174	18778.8759	0	100	4.76772e+06	0	0	3
61	20	0	1.02116189	493625.337	491297.939	487919.28	494094.662	6175.38174	18778.8759	0	100	4.64002e+06	0	0	3
62	20	0	1.03790225	493661.329	491435.31	487919.28	494094.662	6175.38174	18778.8759	0	100	4.76578e+06	0	0	3
63	20	0	1.05464261	494097.339	491613.637	487919.28	494097.339	6178.05868	18778.8759	0	100	4.6401e+06	0	0	3
64	21	0	1.07138297	494224.658	491814.495	487919.28	494224.658	6305.37777	18778.8759	0	100	4.76465e+06	0	0	3
65	21	0	1.08812333	493988.747	492016.81	487987.881	494224.658	6236.77743	18778.8759	0	100	4.63705e+06	0	0	3
66	21	0	1.10486369	494030.365	492218.226	488526.325	494224.658	5698.33325	18778.8759	0	100	4.7632e+06	0	0	3
67	22	0	1.12160405	494156.067	492405.884	489142.351	494224.658	5082.30715	18778.8759	0	100	4.63737e+06	0	0	3
68	22	0	1.1383444	493889.548	492559.851	489142.351	494224.658	5082.30715	18778.8759	0	100	4.76394e+06	0	0	3
69	22	0	1.15508476	493771.086	492697.605	489142.351	494224.658	5082.30715	18778.8759	0	100	4.63602e+06	0	0	3
70	23	0	1.17182512	493791.613	492852.581	489524.643	494224.658	4700.01488	18778.8759	0	100	4.75764e+06	0	0	3
71	23	0	1.18856548	493504.846	492985.254	490183.429	494224.658	4041.22936	18778.8759	0	100	4.6358e+06	0	0	3
72	24	0	1.20530584	493449.913	493094.137	490439.414	494224.658	3785.24469	18778.8759	0	100	4.76304e+06	0	0	3
73	24	0	1.2220462	493393.821	493192.617	490685.944	494224.658	3538.71456	18778.8759	0	100	4.63369e+06	0	0	3
74	24	0	1.23878656	493038.161	493270.396	490685.944	494224.658	3538.71456	18778.8759	0	100	4.758e+06	0	0	3
75	25	0	1.25552692	492585.693	493333.721	490958.942	494224.658	3265.716	18778.8759	0	100	4.63604e+06	0	0	3
76	25	0	1.27226728	492512.808	493385.517	491268.316	494224.658	2956.34174	18778.8759	0	100	4.75691e+06	0	0	3
77	25	0	1.28900763	491869.174	493405.546	491869.174	494224.658	2355.48422	18778.8759	0	100	4.63324e+06	0	0	3
78	26	0	1.30574799	491699.343	493396.345	491699.343	494224.658	2525.31567	18778.8759	0	100	4.75516e+06	0	0	3
79	26	0	1.32248835	491737.76	493379.656	491699.343	494224.658	2525.31567	18778.8759	0	100	4.63507e+06	0	0	3
80	26	0	1.33922871	491668.668	493347.758	491668.668	494224.658	2555.99056	18778.8759	0	100	4.75371e+06	0	0	3
81	27	0	1.35596907	491165.699	493292.062	491165.699	494224.658	3058.9594	18778.8759	0	100	4.63534e+06	0	0	3
82	27	0	1.37270943	491026.125	493224.419	491026.125	494224.658	3198.53288	18778.8759	0	100	4.74585e+06	0	0	3
83	27	0	1.38944979	491302.458	493154.973	491026.125	494224.658	3198.53288	18778.8759	0	100	4.6366e+06	0	0	3
84	28	0	1.40619015	491280.179	493072.06	491026.125	494224.658	3198.53288	18778.8759	0	100	4.74924e+06	0	0	3
85	28	0	1.42293051	491311.399	492993.193	491026.125	494224.658	3136.33216	18778.8759	0	100	4.63641e+06	0	0	3
86	28	0	1.43967086	491253.463	492902.486	491026.125	494224.658	2861.49862	18778.8759	0	100	4.74192e+06	0	0	3
87	29	0	1.45641122	490827.105	492793.567	490827.105	494224.658	2613.36059	18778.8759	0	100	4.64053e+06	0	0	3
88	29	0	1.47315158	490650.936	492695.532	490650.936	494224.658	2407.55219	18778.8759	0	100	4.7394e+06	0	0	3
89	30	0	1.48989194	490493.448	492593.394	490493.448	494224.658	2244.71655	18778.8759	0	100	4.63896e+06	0	0	3
90	30	0	1.5066323	489997.968	492466.835	489997.968	494224.658	2107.60635	18778.8759	0	100	4.74239e+06	0	0	3
91	30	0	1.52337266	489751.936	492337.722	489751.936	494224.658	1970.2353	18778.8759	0	100	4.63954e+06	0	0	3
92	31	0	1.54011302	489479.959	492198.343	489479.959	494224.658	1791.90833	18778.8759	0	100	4.73978e+06	0	0	3
93	31	0	1.55685338	489166.686	492033.988	489166.686	494224.658	1591.05081	18778.8759	0	100	4.64126e+06	0	0	3
94	31	0	1.57359374	489285.84	491869.36	489166.686	494156.067	1536.18508	18778.8759	0	100	4.73706e+06	0	0	3
95	32	0	1.59033409	489161.325	491708.446	489161.325	494156.067	1697.09916	18778.8759	0	100	4.64154e+06	0	0	3
96	32	0	1.60707445	489025.326	491541.612	489025.326	494156.067	1863.93378	18778.8759	0	100	4.73175e+06	0	0	3
97	32	0	1.62381481	488529.471	491354.059	488529.471	493889.548	2051.487	18778.8759	0	100	4.64545e+06	0	0	3
98	33	0	1.64055517	488536.489	491175.623	488529.471	493791.613	2229.9223	18778.8759	0	100	4.72901e+06	0	0	3
