Iteration	CPUTime	PhysTime	Travels	Value	AvValue	MinValue	MaxValue	Delta	Criteria	Progress	dGMaxMin	CriteriaType	CriteriaVarType	CriteriaPercentage
1	2	0	0.0176126347	-0.000184390239	-0.000184390239	-0.000184390239	-0.000184390239	0	0	0	0	0	0	0	3
2	2	0	0.0352252693	-5.45909013e-07	-9.24680739e-05	-0.000184390239	-5.45909013e-07	9.19221649e-05	0	0	0	0	0	0	3
3	2	0	0.052837904	1.03387739e-06	-6.13007568e-05	-0.000184390239	1.03387739e-06	0.000123089482	0	0	0	0	0	0	3
4	3	0	0.0704505386	3.22106196e-07	-4.58950411e-05	-0.000184390239	1.03387739e-06	0.000138495198	0	0	0	0	0	0	3
5	3	0	0.0880631733	2.68776079e-08	-3.67106573e-05	-0.000184390239	1.03387739e-06	0.000147679581	0	0	0	0	0	0	3
6	3	0	0.105675808	-2.43031663e-08	-3.0596265e-05	-0.000184390239	1.03387739e-06	0.000153793974	0	0	0	0	0	0	3
7	4	0	0.123288443	-8.04137614e-08	-2.62368577e-05	-0.000184390239	1.03387739e-06	0.000158153381	0	0	0	0	0	0	3
8	4	0	0.140901077	-7.31645331e-07	-2.30487061e-05	-0.000184390239	1.03387739e-06	0.000161341533	0	0	0	0	0	0	3
9	4	0	0.158513712	1.69201646e-06	-2.02997369e-05	-0.000184390239	1.69201646e-06	0.000164090502	0	0	0	0	0	0	3
10	5	0	0.176126347	-7.22822833e-07	-1.83420455e-05	-0.000184390239	1.69201646e-06	0.000166048193	0	0	0	0	0	0	3
11	5	0	0.193738981	6.99697232e-07	-1.6610978e-05	-0.000184390239	1.69201646e-06	0.000167779261	0	0	0	0	0	0	3
12	5	0	0.211351616	-1.55591143e-06	-1.53563891e-05	-0.000184390239	1.69201646e-06	0.00016903385	0	0	0	0	0	0	3
13	5	0	0.22896425	2.2726707e-06	-1.40003076e-05	-0.000184390239	2.2726707e-06	0.000170389931	0	0	0	0	0	0	3
14	6	0	0.246576885	-1.28896026e-06	-1.30923542e-05	-0.000184390239	2.2726707e-06	0.000171297885	0	0	0	0	0	0	3
15	6	0	0.26418952	2.33157949e-06	-1.2064092e-05	-0.000184390239	2.33157949e-06	0.000172326147	0	0	0	0	0	0	3
16	6	0	0.281802154	-2.47961387e-06	-1.14650621e-05	-0.000184390239	2.33157949e-06	0.000172925177	0	0	0	0	0	0	3
17	6	0	0.299414789	3.26571466e-06	-1.05985458e-05	-0.000184390239	3.26571466e-06	0.000173791693	0	0	0	0	0	0	3
18	7	0	0.317027424	-1.17787292e-06	-1.00751751e-05	-0.000184390239	3.26571466e-06	0.000174315064	0	0	0	0	0	0	3
19	7	0	0.334640058	3.16098872e-07	-9.52826594e-06	-0.000184390239	3.26571466e-06	0.000174861973	0	0	0	0	0	0	3
20	7	0	0.352252693	-1.08055278e-06	-9.10588028e-06	-0.000184390239	3.26571466e-06	0.000175284359	0	0	0	0	0	0	3
21	7	0	0.369865328	-4.3857537e-07	-8.69315147e-06	-0.000184390239	3.26571466e-06	0.000175697087	0	0	0	0	0	0	3
22	8	0	0.387477962	1.53911629e-06	-8.22804839e-06	-0.000184390239	3.26571466e-06	0.00017616219	0	0	0	0	0	0	3
23	8	0	0.405090597	1.23625995e-06	-7.81655673e-06	-0.000184390239	3.26571466e-06	0.000176573682	0	0	0	0	0	0	3
24	8	0	0.422703232	2.15216964e-06	-7.40119313e-06	-0.000184390239	3.26571466e-06	0.000176989046	0	0	0	0	0	0	3
25	8	0	0.440315866	2.33134228e-06	-7.01189171e-06	-0.000184390239	3.26571466e-06	0.000177378347	0	0	0	0	0	0	3
26	9	0	0.457928501	6.10896822e-07	-6.71870754e-06	-0.000184390239	3.26571466e-06	0.000177671531	0	0	0	0	0	0	3
27	9	0	0.475541136	2.34048294e-06	-6.38318196e-06	-0.000184390239	3.26571466e-06	0.000178007057	0	0	0	0	0	0	3
28	9	0	0.49315377	9.96687127e-07	-6.11961521e-06	-0.000184390239	3.26571466e-06	0.000178270624	0	0	0	0	0	0	3
29	9	0	0.510766405	1.78916149e-06	-5.84689877e-06	-0.000184390239	3.26571466e-06	0.00017854334	0	0	0	0	0	0	3
30	10	0	0.52837904	1.35411962e-06	5.58079105e-07	-2.47961387e-06	3.26571466e-06	5.74532853e-06	0	0	0	0	0	0	3
31	10	0	0.545991674	2.03064804e-06	6.469259e-07	-2.47961387e-06	3.26571466e-06	5.74532853e-06	0	0	0	0	0	0	3
32	10	0	0.563604309	1.86530175e-06	6.75595705e-07	-2.47961387e-06	3.26571466e-06	5.74532853e-06	0	0	0	0	0	0	3
33	11	0	0.581216943	5.30109866e-07	6.82768245e-07	-2.47961387e-06	3.26571466e-06	5.74532853e-06	0	0	0	0	0	0	3
34	11	0	0.598829578	5.92146763e-07	7.02260285e-07	-2.47961387e-06	3.26571466e-06	5.74532853e-06	0	0	0	0	0	0	3
35	11	0	0.616442213	5.15331215e-07	7.20868367e-07	-2.47961387e-06	3.26571466e-06	5.74532853e-06	0	0	0	0	0	0	3
36	11	0	0.634054847	-1.39614505e-08	7.23159826e-07	-2.47961387e-06	3.26571466e-06	5.74532853e-06	0	0	0	0	0	0	3
37	12	0	0.651667482	1.63999402e-06	8.04940493e-07	-2.47961387e-06	3.26571466e-06	5.74532853e-06	0	0	0	0	0	0	3
38	12	0	0.669280117	3.08747853e-07	7.57241576e-07	-2.47961387e-06	3.26571466e-06	5.74532853e-06	0	0	0	0	0	0	3
39	12	0	0.686892751	3.9599347e-07	7.95821449e-07	-2.47961387e-06	3.26571466e-06	5.74532853e-06	0	0	0	0	0	0	3
40	12	0	0.704505386	-1.68430115e-07	7.65886023e-07	-2.47961387e-06	3.26571466e-06	5.74532853e-06	0	0	0	0	0	0	3
41	13	0	0.722118021	-1.01083281e-06	7.84681837e-07	-2.47961387e-06	3.26571466e-06	5.74532853e-06	0	0	0	0	0	0	3
42	13	0	0.739730655	-8.62709374e-07	6.76565283e-07	-2.47961387e-06	3.26571466e-06	5.74532853e-06	0	0	0	0	0	0	3
43	13	0	0.75734329	-1.16145091e-06	6.80962157e-07	-2.47961387e-06	3.26571466e-06	5.74532853e-06	0	0	0	0	0	0	3
44	14	0	0.774955925	1.1459958e-06	6.40079961e-07	-2.47961387e-06	3.26571466e-06	5.74532853e-06	0	0	0	0	0	0	3
45	14	0	0.792568559	1.38731566e-06	7.73422359e-07	-1.17787292e-06	3.26571466e-06	4.44358757e-06	0	0	0	0	0	0	3
46	14	0	0.810181194	1.38596069e-06	7.08603257e-07	-1.17787292e-06	2.34048294e-06	3.51835586e-06	0	0	0	0	0	0	3
47	14	0	0.827793829	1.81878566e-06	8.11936311e-07	-1.16145091e-06	2.34048294e-06	3.50193385e-06	0	0	0	0	0	0	3
48	15	0	0.845406463	2.6750436e-06	8.93279233e-07	-1.16145091e-06	2.6750436e-06	3.83649451e-06	0	0	0	0	0	0	3
49	15	0	0.863019098	8.28628675e-08	9.33397014e-07	-1.16145091e-06	2.6750436e-06	3.83649451e-06	0	0	0	0	0	0	3
50	15	0	0.880631733	-2.01130824e-07	9.41584757e-07	-1.16145091e-06	2.6750436e-06	3.83649451e-06	0	0	0	0	0	0	3
51	15	0	0.898244367	-1.31960934e-06	8.43008011e-07	-1.31960934e-06	2.6750436e-06	3.99465294e-06	0	0	0	0	0	0	3
52	16	0	0.915857002	-4.62492575e-07	7.84430337e-07	-1.31960934e-06	2.6750436e-06	3.99465294e-06	0	0	0	0	0	0	3
53	16	0	0.933469636	-1.5968492e-06	6.55153826e-07	-1.5968492e-06	2.6750436e-06	4.2718928e-06	0	0	0	0	0	0	3
54	16	0	0.951082271	5.24684096e-08	5.76571968e-07	-1.5968492e-06	2.6750436e-06	4.2718928e-06	0	0	0	0	0	0	3
55	17	0	0.968694906	7.77737621e-07	5.82325099e-07	-1.5968492e-06	2.6750436e-06	4.2718928e-06	0	0	0	0	0	0	3
56	17	0	0.98630754	1.72866918e-06	5.61228073e-07	-1.5968492e-06	2.6750436e-06	4.2718928e-06	0	0	0	0	0	0	3
57	17	0	1.00392018	1.69209009e-05	1.11033889e-06	-1.5968492e-06	1.69209009e-05	6.95723766e-06	0.0106187318	0	0	0	0	0	3
58	18	0	1.02153281	2.56800193e-06	1.13719546e-06	-1.5968492e-06	1.69209009e-05	5.79116354e-07	0.0106185638	0	0	0	0	0	3
59	18	0	1.03914544	2.87973181e-07	1.10043179e-06	-1.5968492e-06	1.69209009e-05	5.75967386e-07	0.0106185371	0	0	0	0	0	3
60	18	0	1.05675808	-1.65803409e-07	1.02469208e-06	-1.5968492e-06	1.69209009e-05	5.75967386e-07	0.0106185318	0	0	0	0	0	3
61	18	0	1.07437071	-1.13504761e-06	9.2123176e-07	-1.5968492e-06	1.69209009e-05	5.75967386e-07	0.0106185204	0	0	0	0	0	3
62	19	0	1.09198335	-1.66618228e-06	8.45497548e-07	-1.66618228e-06	1.69209009e-05	5.75967386e-07	0.0106185142	0	0	0	0	0	3
63	20	0	1.10959598	-1.82848825e-07	8.18773563e-07	-1.66618228e-06	1.69209009e-05	5.75967386e-07	0.0106185316	0	0	0	0	0	3
64	23	0	1.12720862	7.98956241e-07	8.28553736e-07	-1.66618228e-06	1.69209009e-05	5.75967386e-07	0.0106185431	0	0	0	0	0	3
65	23	0	1.14482125	-1.61513101e-06	7.73340992e-07	-1.66618228e-06	1.69209009e-05	5.75967386e-07	0.0106185148	0	0	0	0	0	3
66	23	0	1.16243389	-4.84547546e-07	7.00080939e-07	-1.66618228e-06	1.69209009e-05	5.75967386e-07	0.0106185281	0	0	0	0	0	3
67	24	0	1.18004652	1.05719362e-06	7.25889413e-07	-1.66618228e-06	1.69209009e-05	5.75967386e-07	0.0106185461	0	0	0	0	0	3
68	24	0	1.19765916	1.64768714e-07	7.17916146e-07	-1.66618228e-06	1.69209009e-05	5.75967386e-07	0.0106185357	0	0	0	0	0	3
69	24	0	1.21527179	-1.00694011e-07	7.20251874e-07	-1.66618228e-06	1.69209009e-05	5.75967386e-07	0.0106185325	0	0	0	0	0	3
70	25	0	1.23288443	1.216754e-06	7.97065212e-07	-1.66618228e-06	1.69209009e-05	5.75967386e-07	0.010618548	0	0	0	0	0	3
71	25	0	1.25049706	-1.28466421e-06	7.82515046e-07	-1.66618228e-06	1.69209009e-05	5.75967386e-07	0.0106185187	0	0	0	0	0	3
72	25	0	1.26810969	-3.45261355e-07	8.10659513e-07	-1.66618228e-06	1.69209009e-05	5.75967386e-07	0.0106185297	0	0	0	0	0	3
73	26	0	1.28572233	7.77698797e-07	7.97959616e-07	-1.66618228e-06	1.69209009e-05	5.75967386e-07	0.0106185428	0	0	0	0	0	3
74	26	0	1.30333496	-3.5058208e-07	7.38032108e-07	-1.66618228e-06	1.69209009e-05	5.75967386e-07	0.0106185296	0	0	0	0	0	3
75	26	0	1.3209476	4.56816028e-07	7.05992637e-07	-1.66618228e-06	1.69209009e-05	5.75967386e-07	0.0106185391	0	0	0	0	0	3
76	27	0	1.33856023	1.04464645e-06	6.79298181e-07	-1.66618228e-06	1.69209009e-05	5.75967386e-07	0.010618546	0	0	0	0	0	3
77	27	0	1.35617287	-1.35007311e-06	5.40501053e-07	-1.66618228e-06	1.69209009e-05	5.96694405e-07	0.0106185179	0	0	0	0	0	3
78	27	0	1.3737855	1.04798736e-06	5.73781209e-07	-1.66618228e-06	1.69209009e-05	5.96694405e-07	0.010618546	0	0	0	0	0	3
79	28	0	1.39139814	-5.8858732e-07	5.6042064e-07	-1.66618228e-06	1.69209009e-05	5.96694405e-07	0.0106185268	0	0	0	0	0	3
80	28	0	1.40901077	-1.13783362e-06	5.66688768e-07	-1.66618228e-06	1.69209009e-05	5.96694405e-07	0.0106185204	0	0	0	0	0	3
81	28	0	1.42662341	7.77614012e-07	6.09451064e-07	-1.66618228e-06	1.69209009e-05	5.96694405e-07	0.0106185428	0	0	0	0	0	3
82	29	0	1.44423604	1.12963672e-06	7.0346782e-07	-1.66618228e-06	1.69209009e-05	5.96694405e-07	0.0106185469	0	0	0	0	0	3
