Iteration	CPUTime	PhysTime	Travels	Value	AvValue	MinValue	MaxValue	Delta	Criteria	Progress	dGMaxMin	CriteriaType	CriteriaVarType	CriteriaPercentage
1	1	0	0.0175395988	119.132013	119.132013	119.132013	119.132013	0	0	0	0	158.816	0	0	3
2	2	0	0.0350791976	118.658676	118.895345	118.658676	119.132013	0.236668426	0	0	0	151.073	0	0	3
3	2	0	0.0526187964	118.404663	118.731784	118.404663	119.132013	0.400228995	0	0	0	148.288	0	0	3
4	2	0	0.0701583952	118.155853	118.587801	118.155853	119.132013	0.544211777	0	0	0	147.083	0	0	3
5	3	0	0.087697994	117.896998	118.449641	117.896998	119.132013	0.682372404	0	0	0	146.844	0	0	3
6	3	0	0.105237593	117.54585	118.299009	117.54585	119.132013	0.833004261	0	0	0	145.718	0	0	3
7	3	0	0.122777192	117.224981	118.145576	117.224981	119.132013	0.986436756	0	0	0	143.436	0	0	3
8	4	0	0.14031679	116.964205	117.997905	116.964205	119.132013	1.13410823	0	0	0	140.669	0	0	3
9	4	0	0.157856389	116.75043	117.859297	116.75043	119.132013	1.27271658	0	0	0	137.591	0	0	3
10	4	0	0.175395988	116.589347	117.732302	116.589347	119.132013	1.39971149	0	0	0	134.476	0	0	3
11	5	0	0.192935587	116.430816	117.613985	116.430816	119.132013	1.51802836	0	0	0	130.412	0	0	3
12	5	0	0.210475186	116.35173	117.508797	116.35173	119.132013	1.62321629	0	0	0	127.081	0	0	3
13	5	0	0.228014784	116.302014	117.415967	116.302014	119.132013	1.71604574	0	0	0	125.845	0	0	3
14	5	0	0.245554383	116.263507	117.333649	116.263507	119.132013	1.79836437	0	0	0	126.096	0	0	3
15	6	0	0.263093982	116.24074	117.260788	116.24074	119.132013	1.87122498	0	0	0	125.714	0	0	3
16	6	0	0.280633581	116.217662	117.195593	116.217662	119.132013	1.93642038	0	0	0	125.991	0	0	3
17	6	0	0.29817318	116.204401	117.137287	116.204401	119.132013	1.99472579	0	0	0	125.787	0	0	3
18	6	0	0.315712778	116.196111	117.085	116.196111	119.132013	2.04701337	0	0	0	125.572	0	0	3
19	7	0	0.333252377	116.193002	117.038052	116.193002	119.132013	2.09396064	0	0	0	125.614	0	0	3
20	7	0	0.350791976	116.190632	116.995681	116.190632	119.132013	2.13633168	0	0	0	125.331	0	0	3
21	7	0	0.368331575	116.189041	116.95727	116.189041	119.132013	2.17474312	0	0	0	124.654	0	0	3
22	7	0	0.385871174	116.188508	116.922326	116.188508	119.132013	2.20968686	0	0	0	123.743	0	0	3
23	8	0	0.403410772	116.188404	116.890417	116.188404	119.132013	2.24159654	0	0	0	122.851	0	0	3
24	8	0	0.420950371	116.189144	116.861197	116.188404	119.132013	2.27081622	0	0	0	123.569	0	0	3
25	8	0	0.43848997	116.19004	116.834351	116.188404	119.132013	2.2976625	0	0	0	124.275	0	0	3
26	9	0	0.456029569	116.191571	116.809628	116.188404	119.132013	2.32238479	0	0	0	125.213	0	0	3
27	9	0	0.473569168	116.193358	116.786803	116.188404	119.132013	2.34520962	0	0	0	125.94	0	0	3
28	9	0	0.491108766	116.197222	116.765747	116.188404	119.132013	2.3662661	0	0	0	126.466	0	0	3
29	9	0	0.508648365	116.198064	116.746172	116.188404	119.132013	2.38584137	0	0	0	126.782	0	0	3
30	9	0	0.526187964	116.197889	116.644995	116.188404	118.658676	2.25034963	0	0	0	126.939	0	0	3
31	10	0	0.543727563	116.198524	116.560162	116.188404	118.404663	2.17162189	0	0	0	127.126	0	0	3
32	10	0	0.561267162	116.19915	116.48411	116.188404	118.155853	1.96744927	0	0	0	127.285	0	0	3
33	10	0	0.57880676	116.200105	116.41667	116.188404	117.896998	1.70859447	0	0	0	127.424	0	0	3
34	11	0	0.596346359	116.200824	116.358182	116.188404	117.54585	1.35744584	0	0	0	127.539	0	0	3
35	11	0	0.613885958	116.200872	116.311803	116.188404	117.224981	1.03657766	0	0	0	127.632	0	0	3
36	11	0	0.631425557	116.200854	116.276488	116.188404	116.964205	0.775800845	0	0	0	127.73	0	0	3
37	11	0	0.648965156	116.200664	116.250159	116.188404	116.75043	0.562026044	0	0	0	127.793	0	0	3
38	12	0	0.666504754	116.200585	116.231199	116.188404	116.589347	0.40094369	0	0	0	127.833	0	0	3
39	12	0	0.684044353	116.200646	116.217796	116.188404	116.430816	0.242412263	0	0	0	127.86	0	0	3
40	12	0	0.701583952	116.20077	116.209863	116.188404	116.35173	0.16332588	0	0	0	127.88	0	0	3
41	13	0	0.719123551	116.200745	116.204657	116.188404	116.302014	0.113610219	0	0	0	127.903	0	0	3
42	13	0	0.73666315	116.200984	116.201173	116.188404	116.263507	0.0751028229	0	0	0	127.928	0	0	3
43	13	0	0.754202748	116.200909	116.199014	116.188404	116.24074	0.0523358856	0	0	0	127.933	0	0	3
44	13	0	0.771742347	116.20131	116.197655	116.188404	116.217662	0.0292580535	0	0	0	127.922	0	0	3
45	14	0	0.789281946	116.201146	116.197085	116.188404	116.204401	0.0159971122	0	0	0	127.908	0	0	3
46	14	0	0.806821545	116.201551	116.196987	116.188404	116.201551	0.0131474778	0	0	0	127.903	0	0	3
47	14	0	0.824361144	116.201355	116.197168	116.188404	116.201551	0.0131474778	0	0	0	127.907	0	0	3
48	14	0	0.841900742	116.201264	116.197453	116.188404	116.201551	0.0131474778	0	0	0	127.984	0	0	3
49	15	0	0.859440341	116.200774	116.197803	116.188404	116.201551	0.0131474778	0	0	0	127.996	0	0	3
50	15	0	0.87697994	116.201256	116.198224	116.188404	116.201551	0.0131474778	0	0	0	127.99	0	0	3
51	15	0	0.894519539	116.200836	116.198649	116.188404	116.201551	0.0131474778	0	0	0	127.976	0	0	3
52	15	0	0.912059138	116.20137	116.199096	116.189144	116.201551	0.0124070192	0	0	0	127.978	0	0	3
53	16	0	0.929598736	116.200835	116.199499	116.19004	116.201551	0.0115113788	0	0	0	127.976	0	0	3
54	16	0	0.947138335	116.201377	116.19989	116.191571	116.201551	0.00997995359	0	0	0	127.979	0	0	3
55	16	0	0.964677934	116.201191	116.200222	116.193358	116.201551	0.00819332236	0	0	0	127.974	0	0	3
56	17	0	0.982217533	116.201532	116.200504	116.197222	116.201551	0.00432924032	0	0	0	127.981	0	0	3
57	17	0	0.999757132	116.201371	116.200647	116.197889	116.201551	0.00366178008	0	0	0	127.983	0	0	3
58	17	0	1.01729673	116.20177	116.200775	116.197889	116.20177	0.00388028115	0.0664877776	0	100	127.988	0	0	3
59	17	0	1.03483633	116.201431	116.200897	116.198524	116.20177	0.00324570405	0.0664877776	0	100	127.99	0	0	3
60	18	0	1.05237593	116.201681	116.201006	116.19915	116.20177	0.00261991986	0.0664877776	0	100	127.995	0	0	3
61	18	0	1.06991553	116.201365	116.201082	116.200105	116.20177	0.00166426625	0.0664877776	0	100	128	0	0	3
62	18	0	1.08745513	116.201837	116.201142	116.200585	116.201837	0.0012525314	0.0664877776	0	100	128.007	0	0	3
63	19	0	1.10499472	116.20159	116.201168	116.200585	116.201837	0.0012525314	0.0664877776	0	100	128.013	0	0	3
64	19	0	1.12253432	116.201912	116.201204	116.200585	116.201912	0.00132702547	0.0664877776	0	100	128.03	0	0	3
65	19	0	1.14007392	116.201619	116.20123	116.200585	116.201912	0.00132702547	0.0664877776	0	100	128.043	0	0	3
66	20	0	1.15761352	116.202085	116.201279	116.200585	116.202085	0.0015002194	0.0664877776	0	100	128.051	0	0	3
67	20	0	1.17515312	116.201839	116.201323	116.200646	116.202085	0.00143865312	0.0664877776	0	100	128.054	0	0	3
68	20	0	1.19269272	116.20213	116.201374	116.200745	116.20213	0.00138506099	0.0664877776	0	100	128.058	0	0	3
69	21	0	1.21023232	116.201809	116.20141	116.200745	116.20213	0.00138506099	0.0664877776	0	100	128.062	0	0	3
70	21	0	1.22777192	116.202249	116.201461	116.200774	116.202249	0.00147454973	0.0664877776	0	100	128.066	0	0	3
71	21	0	1.24531151	116.201986	116.201496	116.200774	116.202249	0.00147454973	0.0664877776	0	100	128.07	0	0	3
72	22	0	1.26285111	116.202267	116.201543	116.200774	116.202267	0.0014925291	0.0664877776	0	100	128.074	0	0	3
73	22	0	1.28039071	116.201929	116.201564	116.200774	116.202267	0.0014925291	0.0664877776	0	100	128.079	0	0	3
74	22	0	1.29793031	116.202366	116.201606	116.200774	116.202366	0.00159154508	0.0664877776	0	100	128.083	0	0	3
75	23	0	1.31546991	116.202079	116.201624	116.200774	116.202366	0.00159154508	0.0664877776	0	100	128.086	0	0	3
76	23	0	1.33300951	116.202336	116.201658	116.200774	116.202366	0.00159154508	0.0664877776	0	100	128.089	0	0	3
77	23	0	1.35054911	116.201997	116.201683	116.200774	116.202366	0.00159154508	0.0664877776	0	100	128.092	0	0	3
78	23	0	1.36808871	116.202403	116.20174	116.200835	116.202403	0.00156829349	0.0664877776	0	100	128.095	0	0	3
79	24	0	1.38562831	116.2021	116.201769	116.200835	116.202403	0.00156829349	0.0664877776	0	100	128.097	0	0	3
80	24	0	1.4031679	116.202377	116.201822	116.200835	116.202403	0.00156829349	0.0664877776	0	100	128.099	0	0	3
