Iteration	CPUTime	PhysTime	Travels	Value	AvValue	MinValue	MaxValue	Delta	Criteria	Progress	dGMaxMin	CriteriaType	CriteriaVarType	CriteriaPercentage
1	2	0	0.0167403589	1217.8789	1217.8789	1217.8789	1217.8789	0	0	0	0	0	0	0	3
2	2	0	0.0334807178	1217.41045	1217.64468	1217.41045	1217.8789	0.234224165	0	0	0	0	0	0	3
3	3	0	0.0502210767	1217.14847	1217.47927	1217.14847	1217.8789	0.399625787	0	0	0	0	0	0	3
4	3	0	0.0669614355	1216.99434	1217.35804	1216.99434	1217.8789	0.520858504	0	0	0	0	0	0	3
5	3	0	0.0837017944	1216.89406	1217.26525	1216.89406	1217.8789	0.613654568	0	0	0	0	0	0	3
6	4	0	0.100442153	1216.7934	1217.1866	1216.7934	1217.8789	0.692295913	0	0	0	0	0	0	3
7	4	0	0.117182512	1216.7288	1217.1212	1216.7288	1217.8789	0.7576972	0	0	0	0	0	0	3
8	4	0	0.133922871	1216.68739	1217.06698	1216.68739	1217.8789	0.811924385	0	0	0	0	0	0	3
9	4	0	0.15066323	1216.68587	1217.02463	1216.68587	1217.8789	0.854269265	0	0	0	0	0	0	3
10	5	0	0.167403589	1216.69531	1216.9917	1216.68587	1217.8789	0.887201364	0	0	0	0	0	0	3
11	5	0	0.184143948	1216.75159	1216.96987	1216.68587	1217.8789	0.909029251	0	0	0	0	0	0	3
12	5	0	0.200884307	1216.8287	1216.95811	1216.68587	1217.8789	0.920793349	0	0	0	0	0	0	3
13	5	0	0.217624665	1216.91951	1216.95514	1216.68587	1217.8789	0.923762468	0	0	0	0	0	0	3
14	6	0	0.234365024	1217.00933	1216.95901	1216.68587	1217.8789	0.923762468	0	0	0	0	0	0	3
15	6	0	0.251105383	1217.11689	1216.96953	1216.68587	1217.8789	0.923762468	0	0	0	0	0	0	3
16	6	0	0.267845742	1217.24951	1216.98703	1216.68587	1217.8789	0.923762468	0	0	0	0	0	0	3
17	7	0	0.284586101	1217.38684	1217.01055	1216.68587	1217.8789	0.923762468	0	0	0	0	0	0	3
18	7	0	0.30132646	1217.50652	1217.0381	1216.68587	1217.8789	0.923762468	0	0	0	0	0	0	3
19	7	0	0.318066819	1217.61074	1217.06824	1216.68587	1217.8789	0.923762468	0	0	0	0	0	0	3
20	7	0	0.334807178	1217.6998	1217.09982	1216.68587	1217.8789	0.923762468	0	0	0	0	0	0	3
21	8	0	0.351547537	1217.79082	1217.13273	1216.68587	1217.8789	0.923762468	0	0	0	0	0	0	3
22	8	0	0.368287895	1217.85123	1217.16538	1216.68587	1217.8789	0.923762468	0	0	0	0	0	0	3
23	8	0	0.385028254	1217.9261	1217.19846	1216.68587	1217.9261	0.923762468	0	0	0	0	0	0	3
24	9	0	0.401768613	1217.97368	1217.23076	1216.68587	1217.97368	0.923762468	0	0	0	0	0	0	3
25	9	0	0.418508972	1218.0138	1217.26208	1216.68587	1218.0138	0.923762468	0	0	0	0	0	0	3
26	9	0	0.435249331	1218.06186	1217.29284	1216.68587	1218.06186	0.923762468	0	0	0	0	0	0	3
27	10	0	0.45198969	1218.08452	1217.32216	1216.68587	1218.08452	0.923762468	0	0	0	0	0	0	3
28	10	0	0.468730049	1218.10035	1217.34996	1216.68587	1218.10035	0.923762468	0	0	0	0	0	0	3
29	10	0	0.485470408	1218.11863	1217.37646	1216.68587	1218.11863	0.923762468	0	0	0	0	0	0	3
30	10	0	0.502210767	1218.12944	1217.40156	1216.68587	1218.12944	0.923762468	0	0	0	0	0	0	3
31	11	0	0.518951125	1218.1631	1217.41103	1216.68587	1218.1631	0.689538303	0	0	0	0	0	0	3
32	11	0	0.535691484	1218.18803	1217.43695	1216.68587	1218.18803	0.524136681	0	0	0	0	0	0	3
33	11	0	0.552431843	1218.21793	1217.4726	1216.68587	1218.21793	0.517464293	0	0	0	0	0	0	3
34	12	0	0.569172202	1218.24703	1217.51436	1216.68587	1218.24703	0.55922035	0	0	0	0	0	0	3
35	12	0	0.585912561	1218.27522	1217.5604	1216.68587	1218.27522	0.605259088	0	0	0	0	0	0	3
36	12	0	0.60265292	1218.32642	1217.6115	1216.68587	1218.32642	0.656359701	0	0	0	0	0	0	3
37	12	0	0.619393279	1218.34263	1217.66529	1216.68587	1218.34263	0.71015419	0	0	0	0	0	0	3
38	13	0	0.636133638	1218.38413	1217.72185	1216.68587	1218.38413	0.766712227	0	0	0	0	0	0	3
39	13	0	0.652873996	1218.422	1217.77972	1216.69531	1218.422	0.824583263	0	0	0	0	0	0	3
40	13	0	0.669614355	1218.45333	1217.83832	1216.75159	1218.45333	0.883183837	0	0	0	0	0	0	3
41	14	0	0.686354714	1218.44055	1217.89462	1216.8287	1218.45333	0.939482534	0	0	0	0	0	0	3
42	14	0	0.703095073	1218.48148	1217.94971	1216.91951	1218.48148	0.994575104	0	0	0	0	0	0	3
43	14	0	0.719835432	1218.50012	1218.0024	1217.00933	1218.50012	1.0433915	0	0	0	0	0	0	3
44	15	0	0.736575791	1218.53959	1218.05341	1217.11689	1218.53959	1.08387445	0	0	0	0	0	0	3
45	15	0	0.75331615	1218.52281	1218.10027	1217.24951	1218.53959	1.11324006	0	0	0	0	0	0	3
46	15	0	0.770056509	1218.54708	1218.14352	1217.38684	1218.54708	1.13297435	0	0	0	0	0	0	3
47	15	0	0.786796868	1218.57629	1218.18317	1217.50652	1218.57629	1.06977753	0	0	0	0	0	0	3
48	16	0	0.803537226	1218.58613	1218.21916	1217.61074	1218.58613	0.975391507	0	0	0	0	0	0	3
49	16	0	0.820277585	1218.57207	1218.2512	1217.6998	1218.58613	0.88632992	0	0	0	0	0	0	3
50	16	0	0.837017944	1218.61787	1218.28181	1217.79082	1218.61787	0.827047084	0	0	0	0	0	0	3
51	17	0	0.853758303	1218.58186	1218.30817	1217.85123	1218.61787	0.766642202	0	0	0	0	0	0	3
52	17	0	0.870498662	1218.596	1218.333	1217.9261	1218.61787	0.691776108	0	0	0	0	0	0	3
53	17	0	0.887239021	1218.59755	1218.35538	1217.97368	1218.61787	0.644196635	0	0	0	0	0	0	3
54	17	0	0.90397938	1218.64423	1218.37773	1218.0138	1218.64423	0.630431633	0	0	0	0	0	0	3
55	18	0	0.920719739	1218.64835	1218.39889	1218.06186	1218.64835	0.586496707	0	0	0	0	0	0	3
56	18	0	0.937460098	1218.68201	1218.41956	1218.08452	1218.68201	0.59749345	0	0	0	0	0	0	3
57	18	0	0.954200456	1218.64957	1218.43839	1218.10035	1218.68201	0.581655421	0	0	0	0	0	0	3
58	19	0	0.970940815	1218.66439	1218.45719	1218.11863	1218.68201	0.563381772	0	0	0	0	0	0	3
59	19	0	0.987681174	1218.65691	1218.47514	1218.12944	1218.68201	0.552573143	0	0	0	0	0	0	3
60	19	0	1.00442153	1218.6779	1218.49342	1218.1631	1218.68201	0.518912759	0.0598841383	0	11.5	0	0	0	3
61	20	0	1.02116189	1218.64944	1218.50963	1218.18803	1218.68201	0.493981399	0.0598841383	0	12.1	0	0	0	3
62	20	0	1.03790225	1218.69006	1218.52637	1218.21793	1218.69006	0.47212611	0.0600048899	0	12.7	0	0	0	3
63	20	0	1.05464261	1218.6544	1218.54091	1218.24703	1218.69006	0.443034688	0.0600451404	0	13.5	0	0	0	3
64	21	0	1.07138297	1218.66831	1218.55496	1218.27522	1218.69006	0.414836408	0.0600652656	0	14.4	0	0	0	3
65	21	0	1.08812333	1218.64666	1218.56734	1218.32642	1218.69006	0.363643995	0.0600773408	0	16.5	0	0	0	3
66	21	0	1.10486369	1218.67926	1218.5791	1218.34263	1218.69006	0.347429991	0.0600853909	0	17.2	0	0	0	3
67	22	0	1.12160405	1218.68473	1218.5905	1218.38413	1218.69006	0.305933317	0.0600911409	0	19.6	0	0	0	3
68	22	0	1.1383444	1218.71306	1218.60147	1218.422	1218.71306	0.291059654	0.0601817136	0	20.6	0	0	0	3
69	22	0	1.15508476	1218.66355	1218.60952	1218.44055	1218.71306	0.272509634	0.0602206988	0	22	0	0	0	3
70	23	0	1.17182512	1218.69089	1218.61744	1218.44055	1218.71306	0.272509634	0.0600830405	0	22	0	0	0	3
71	23	0	1.18856548	1218.67886	1218.62538	1218.48148	1218.71306	0.231583775	0.0598841383	0	25.8	0	0	0	3
72	24	0	1.20530584	1218.70555	1218.63285	1218.50012	1218.71306	0.212941214	0.0598841383	0	28.1	0	0	0	3
73	24	0	1.2220462	1218.67656	1218.63873	1218.52281	1218.71306	0.190253525	0.0598841383	0	31.4	0	0	0	3
74	24	0	1.23878656	1218.68827	1218.64369	1218.52281	1218.71306	0.190253525	0.0598841383	0	31.4	0	0	0	3
75	25	0	1.25552692	1218.64172	1218.64765	1218.54708	1218.71306	0.165985032	0.0598841383	0	36	0	0	0	3
76	25	0	1.27226728	1218.66056	1218.65143	1218.57207	1218.71306	0.140996447	0.0598841383	0	42.4	0	0	0	3
77	25	0	1.28900763	1218.63346	1218.65334	1218.57207	1218.71306	0.140996447	0.0598841383	0	42.4	0	0	0	3
78	26	0	1.30574799	1218.66104	1218.65584	1218.57207	1218.71306	0.140996447	0.0598841383	0	42.4	0	0	0	3
79	26	0	1.32248835	1218.62914	1218.65774	1218.58186	1218.71306	0.131207319	0.0598841383	0	45.6	0	0	0	3
80	26	0	1.33922871	1218.65717	1218.65905	1218.58186	1218.71306	0.131207319	0.0598841383	0	45.6	0	0	0	3
81	27	0	1.35596907	1218.63664	1218.66088	1218.596	1218.71306	0.117058156	0.0598841383	0	51.1	0	0	0	3
82	27	0	1.37270943	1218.66013	1218.66301	1218.59755	1218.71306	0.115510136	0.0598841383	0	51.8	0	0	0	3
83	27	0	1.38944979	1218.62452	1218.66391	1218.62452	1218.71306	0.088543903	0.0598841383	0	67.6	0	0	0	3
84	28	0	1.40619015	1218.62348	1218.66322	1218.62348	1218.71306	0.0895845305	0.0598841383	0	66.8	0	0	0	3
85	28	0	1.42293051	1218.61149	1218.66199	1218.61149	1218.71306	0.101576581	0.0598841383	0	58.9	0	0	0	3
86	28	0	1.43967086	1218.63177	1218.66032	1218.61149	1218.71306	0.101576581	0.0598841383	0	58.9	0	0	0	3
87	29	0	1.45641122	1218.60159	1218.65872	1218.60159	1218.71306	0.111469494	0.0598841383	0	53.7	0	0	0	3
88	29	0	1.47315158	1218.60547	1218.65675	1218.60159	1218.71306	0.111469494	0.0598841383	0	53.7	0	0	0	3
89	30	0	1.48989194	1218.59325	1218.65463	1218.59325	1218.71306	0.119811219	0.0598841383	0	49.9	0	0	0	3
90	30	0	1.5066323	1218.59142	1218.65175	1218.59142	1218.71306	0.121638451	0.0598841383	0	49.2	0	0	0	3
91	30	0	1.52337266	1218.58525	1218.64961	1218.58525	1218.71306	0.127808722	0.0598841383	0	46.8	0	0	0	3
92	31	0	1.54011302	1218.58783	1218.6462	1218.58525	1218.71306	0.122997556	0.0598841383	0	48.6	0	0	0	3
93	31	0	1.55685338	1218.56108	1218.64309	1218.56108	1218.71306	0.108954748	0.0598841383	0	54.9	0	0	0	3
94	31	0	1.57359374	1218.56862	1218.63977	1218.56108	1218.71306	0.096573448	0.0598841383	0	62	0	0	0	3
95	32	0	1.59033409	1218.57679	1218.63744	1218.56108	1218.71306	0.0848118451	0.0598841383	0	70.6	0	0	0	3
96	32	0	1.60707445	1218.6037	1218.63492	1218.56108	1218.71306	0.0734085196	0.0598841383	0	81.5	0	0	0	3
97	32	0	1.62381481	1218.57172	1218.63115	1218.56108	1218.71306	0.0624439861	0.0598841383	0	95.9	0	0	0	3
98	33	0	1.64055517	1218.58467	1218.62687	1218.56108	1218.70555	0.0543925208	0.0598841383	0	100	0	0	0	3
