Iteration	CPUTime	PhysTime	Travels	Value	AvValue	MinValue	MaxValue	Delta	Criteria	Progress	dGMaxMin	CriteriaType	CriteriaVarType	CriteriaPercentage
1	3	0	0.0168277559	-313119.366	-313119.366	-313119.366	-313119.366	0	0	0	0	4.34191e+10	0	0	3
2	3	0	0.0336555119	-514451.025	-413785.196	-514451.025	-313119.366	100665.83	0	0	0	6.11535e+10	0	0	3
3	3	0	0.0504832678	-756581.64	-528050.677	-756581.64	-313119.366	214931.311	0	0	0	7.12739e+10	0	0	3
4	3	0	0.0673110238	-1012475.02	-649156.763	-1012475.02	-313119.366	336037.398	0	0	0	8.081e+10	0	0	3
5	4	0	0.0841387797	-1159712.8	-751267.971	-1159712.8	-313119.366	438148.605	0	0	0	8.30458e+10	0	0	3
6	4	0	0.100966536	-1142098.33	-816406.364	-1159712.8	-313119.366	503286.998	0	0	0	7.76687e+10	0	0	3
7	4	0	0.117794292	-1034167	-847515.026	-1159712.8	-313119.366	534395.66	0	0	0	7.0578e+10	0	0	3
8	4	0	0.134622048	-822266.471	-844358.957	-1159712.8	-313119.366	534395.66	0	0	0	6.10491e+10	0	0	3
9	5	0	0.151449803	-488562.294	-804825.994	-1159712.8	-313119.366	534395.66	0	0	0	4.84981e+10	0	0	3
10	5	0	0.168277559	-7601.90262	-725103.585	-1159712.8	-7601.90262	534395.66	0	0	0	3.84353e+10	0	0	3
11	5	0	0.185105315	225114.772	-638720.098	-1159712.8	225114.772	534395.66	0	0	0	3.42902e+10	0	0	3
12	5	0	0.201933071	374076.276	-554320.4	-1159712.8	374076.276	534395.66	0	0	0	3.19249e+10	0	0	3
13	5	0	0.218760827	663339.008	-460654.292	-1159712.8	663339.008	534395.66	0	0	0	3.86114e+10	0	0	3
14	6	0	0.235588583	367608.175	-401492.687	-1159712.8	663339.008	534395.66	0	0	0	3.96345e+10	0	0	3
15	6	0	0.252416339	499734.892	-341410.849	-1159712.8	663339.008	534395.66	0	0	0	4.12026e+10	0	0	3
16	6	0	0.269244095	527919.802	-287077.683	-1159712.8	663339.008	560437.343	0	0	0	3.95192e+10	0	0	3
17	6	0	0.286071851	589306.623	-235525.665	-1159712.8	663339.008	611989.361	0	0	0	4.06441e+10	0	0	3
18	7	0	0.302899607	486707.797	-195401.584	-1159712.8	663339.008	652113.443	0	0	0	3.94214e+10	0	0	3
19	7	0	0.319727363	464834.167	-160652.334	-1159712.8	663339.008	686862.693	0	0	0	3.8954e+10	0	0	3
20	7	0	0.336555119	334412.694	-135899.082	-1159712.8	663339.008	711615.944	0	0	0	3.83943e+10	0	0	3
21	7	0	0.353382875	306496.423	-114832.63	-1159712.8	663339.008	732682.397	0	0	0	3.7402e+10	0	0	3
22	8	0	0.370210631	278389.719	-96958.8867	-1159712.8	663339.008	750556.14	0	0	0	3.60799e+10	0	0	3
23	8	0	0.387038387	279992.382	-80569.7011	-1159712.8	663339.008	766945.325	0	0	0	3.50206e+10	0	0	3
24	8	0	0.403866143	294622.259	-64936.7027	-1159712.8	663339.008	782578.324	0	0	0	3.48725e+10	0	0	3
25	8	0	0.420693898	287742.682	-50829.5274	-1159712.8	663339.008	796685.499	0	0	0	3.5445e+10	0	0	3
26	8	0	0.437521654	258434.083	-38934.7731	-1159712.8	663339.008	808580.253	0	0	0	3.5415e+10	0	0	3
27	9	0	0.45434941	283281.981	-27000.8192	-1159712.8	663339.008	820514.207	0	0	0	3.53773e+10	0	0	3
28	9	0	0.471177166	251057.339	-17070.1707	-1159712.8	663339.008	830444.856	0	0	0	3.49037e+10	0	0	3
29	9	0	0.488004922	230232.599	-8542.48899	-1159712.8	663339.008	838972.537	0	0	0	3.4671e+10	0	0	3
30	9	0	0.504832678	215444.889	-1076.24307	-1159712.8	663339.008	846438.783	0	0	0	3.43422e+10	0	0	3
31	10	0	0.521660434	224428.801	16842.0291	-1159712.8	663339.008	864357.056	0	0	0	3.41124e+10	0	0	3
32	10	0	0.53848819	206852.365	40885.4755	-1159712.8	663339.008	888400.502	0	0	0	3.37764e+10	0	0	3
33	10	0	0.555315946	237196.295	74011.4067	-1159712.8	663339.008	921526.433	0	0	0	3.34284e+10	0	0	3
34	10	0	0.572143702	223135.65	115198.429	-1159712.8	663339.008	962713.456	0	0	0	3.30257e+10	0	0	3
35	10	0	0.588971458	202157.014	160594.09	-1142098.33	663339.008	1008109.12	0	0	0	3.2668e+10	0	0	3
36	11	0	0.605799214	233782.867	206456.796	-1034167	663339.008	1053971.82	0	0	0	3.23813e+10	0	0	3
37	11	0	0.62262697	259769.996	249588.029	-822266.471	663339.008	1093946.99	0	0	0	3.21076e+10	0	0	3
38	11	0	0.639454726	273179.468	286102.894	-488562.294	663339.008	1090928.89	0	0	0	3.19805e+10	0	0	3
39	11	0	0.656282482	251023.387	310755.75	-7601.90262	663339.008	670940.91	0	0	0	3.18798e+10	0	0	3
40	12	0	0.673110238	248163.885	319281.276	202157.014	663339.008	461181.993	0	0	0	3.14867e+10	0	0	3
41	12	0	0.689937993	250504.795	320127.61	202157.014	663339.008	461181.993	0	0	0	3.13454e+10	0	0	3
42	12	0	0.706765749	259525.927	316309.265	202157.014	663339.008	461181.993	0	0	0	3.12425e+10	0	0	3
43	12	0	0.723593505	267368.622	303110.253	202157.014	589306.623	387149.609	0	0	0	3.11979e+10	0	0	3
44	13	0	0.740421261	264430.709	299671.004	202157.014	589306.623	387149.609	0	0	0	3.11395e+10	0	0	3
45	13	0	0.757249017	281793.214	292406.281	202157.014	589306.623	387149.609	0	0	0	3.11003e+10	0	0	3
46	13	0	0.774076773	278668.348	284097.899	202157.014	589306.623	387149.609	0	0	0	3.09183e+10	0	0	3
47	13	0	0.790904529	287914.916	274051.509	202157.014	486707.797	284550.783	0	0	0	2.96809e+10	0	0	3
48	13	0	0.807732285	303459.076	267943.218	202157.014	464834.167	262677.153	0	0	0	2.93529e+10	0	0	3
49	14	0	0.824560041	301812.063	262509.148	202157.014	334412.694	132255.679	0	0	0	2.9106e+10	0	0	3
50	14	0	0.841387797	301151.087	261400.428	202157.014	306496.423	104339.409	0	0	0	2.88125e+10	0	0	3
51	14	0	0.858215553	296302.93	261060.645	202157.014	303459.076	101302.062	0	0	0	2.86916e+10	0	0	3
52	14	0	0.875043309	300268.591	261789.941	202157.014	303459.076	101302.062	0	0	0	2.82926e+10	0	0	3
53	15	0	0.891871065	289383.611	262102.982	202157.014	303459.076	101302.062	0	0	0	2.80622e+10	0	0	3
54	15	0	0.908698821	306029.503	262483.223	202157.014	306029.503	103872.489	0	0	0	2.77852e+10	0	0	3
55	15	0	0.925526577	303953.326	263023.578	202157.014	306029.503	103872.489	0	0	0	2.76784e+10	0	0	3
56	15	0	0.942354333	297932.087	264340.178	202157.014	306029.503	103872.489	0	0	0	2.76087e+10	0	0	3
57	16	0	0.959182088	306526.788	265115.005	202157.014	306526.788	104369.774	0	0	0	2.71621e+10	0	0	3
58	16	0	0.976009844	323172.56	267518.846	202157.014	323172.56	121015.546	0	0	0	2.68012e+10	0	0	3
59	16	0	0.9928376	315743.257	270369.201	202157.014	323172.56	121015.546	0	0	0	2.66264e+10	0	0	3
60	16	0	1.00966536	327416.673	274101.594	202157.014	327416.673	125259.659	54691.5542	0	0	2.61836e+10	0	0	3
61	17	0	1.02649311	332814.934	277714.465	202157.014	332814.934	130657.92	54691.5542	0	0	2.59689e+10	0	0	3
62	17	0	1.04332087	330806.776	281846.278	202157.014	332814.934	130657.92	54691.5542	0	0	2.55636e+10	0	0	3
63	17	0	1.06014862	325959.197	284805.042	202157.014	332814.934	130657.92	54691.5542	0	0	2.53883e+10	0	0	3
64	17	0	1.07697638	318069.583	287969.506	202157.014	332814.934	130657.92	54691.5542	0	0	2.50555e+10	0	0	3
65	18	0	1.09380414	317532.836	291815.367	233782.867	332814.934	99032.0671	54691.5542	0	0	2.49182e+10	0	0	3
66	18	0	1.11063189	314272.147	294498.343	248163.885	332814.934	70539.581	54691.5542	0	0	2.4605e+10	0	0	3
67	18	0	1.12745965	301654.786	295894.503	248163.885	332814.934	59066.9655	54691.5542	0	0	2.43706e+10	0	0	3
68	18	0	1.1442874	317192.037	297361.588	248163.885	332814.934	59066.9655	54691.5542	0	0	2.39191e+10	0	0	3
69	19	0	1.16111516	327166.738	299899.7	248163.885	332814.934	59066.9655	54691.5542	0	0	2.40638e+10	0	0	3
70	19	0	1.17794292	307483.394	301877.017	250504.795	332814.934	59066.9655	54691.5542	0	0	2.39933e+10	0	0	3
71	19	0	1.19477067	310518.525	303877.475	259525.927	332814.934	55248.6205	54691.5542	0	0	2.37496e+10	0	0	3
72	20	0	1.21159843	309926.659	305557.499	264430.709	332814.934	44496.8542	54691.5542	0	0	2.3411e+10	0	0	3
73	20	0	1.22842618	298132.356	306582.957	264430.709	332814.934	45522.312	54691.5542	0	0	2.32054e+10	0	0	3
74	20	0	1.24525394	300737.14	307793.171	278668.348	332814.934	46732.5264	54691.5542	0	0	2.27987e+10	0	0	3
75	20	0	1.2620817	299940.058	308398.066	278668.348	332814.934	47337.4212	54691.5542	0	0	2.26415e+10	0	0	3
76	21	0	1.27890945	295511.545	308959.506	287914.916	332814.934	44900.0185	54691.5542	0	0	2.24268e+10	0	0	3
77	21	0	1.29573721	298524.521	309313.159	289383.611	332814.934	43431.3232	54691.5542	0	0	2.23163e+10	0	0	3
78	21	0	1.31256496	301619.944	309251.855	289383.611	332814.934	43431.3232	54691.5542	0	0	2.20798e+10	0	0	3
79	21	0	1.32939272	298285.883	309134.316	289383.611	332814.934	43431.3232	54691.5542	0	0	2.19235e+10	0	0	3
80	22	0	1.34622048	294609.088	308916.249	289383.611	332814.934	43431.3232	54691.5542	0	0	2.16908e+10	0	0	3
81	22	0	1.36304823	286288.083	308582.421	286288.083	332814.934	46526.851	54691.5542	0	0	2.15263e+10	0	0	3
82	22	0	1.37987599	290803.295	308266.911	286288.083	332814.934	46526.851	54691.5542	0	0	2.1335e+10	0	0	3
83	23	0	1.39670374	298384.141	308566.929	286288.083	332814.934	46526.851	54691.5542	0	0	2.1193e+10	0	0	3
84	23	0	1.4135315	297882.49	308295.362	286288.083	332814.934	46289.5816	54691.5542	0	0	2.10298e+10	0	0	3
85	23	0	1.43035925	290129.451	307834.566	286288.083	332814.934	44972.9815	54691.5542	0	0	2.09418e+10	0	0	3
86	23	0	1.44718701	284367.289	307382.406	284367.289	332814.934	44198.1546	54691.5542	0	0	2.07914e+10	0	0	3
87	24	0	1.46401477	296374.03	307043.981	284367.289	332814.934	41794.3139	54691.5542	0	0	2.06889e+10	0	0	3
88	24	0	1.48084252	309231.494	306579.278	284367.289	332814.934	38943.9586	54691.5542	0	0	2.06262e+10	0	0	3
89	24	0	1.49767028	306252.458	306262.918	284367.289	332814.934	35211.5658	54691.5542	0	0	2.05655e+10	0	0	3
