Iteration	CPUTime	PhysTime	Travels	Value	AvValue	MinValue	MaxValue	Delta	Criteria	Progress	dGMaxMin	CriteriaType	CriteriaVarType	CriteriaPercentage
1	3	0	0.0168277559	293.199465	293.199465	293.199465	293.199465	0	0	0	0	26.0394	0	0	3
2	3	0	0.0336555119	293.198355	293.19891	293.198355	293.199465	0.000554745433	0	0	0	52.0711	0	0	3
3	3	0	0.0504832678	293.195891	293.197904	293.195891	293.199465	0.0015610005	0	0	0	68.1795	0	0	3
4	3	0	0.0673110238	293.191269	293.196245	293.191269	293.199465	0.003219535	0	0	0	95.8327	0	0	3
5	4	0	0.0841387797	293.183917	293.193779	293.183917	293.199465	0.00568512257	0	0	0	138.422	0	0	3
6	4	0	0.100966536	293.166656	293.189259	293.166656	293.199465	0.0102056081	0	0	0	231.411	0	0	3
7	4	0	0.117794292	293.147606	293.183309	293.147606	293.199465	0.0161559749	0	0	0	302.666	0	0	3
8	4	0	0.134622048	293.138488	293.177706	293.138488	293.199465	0.0217585013	0	0	0	302.877	0	0	3
9	5	0	0.151449803	293.132822	293.172719	293.132822	293.199465	0.0267455798	0	0	0	304.489	0	0	3
10	5	0	0.168277559	293.120812	293.167528	293.120812	293.199465	0.0319362773	0	0	0	306.606	0	0	3
11	5	0	0.185105315	293.097013	293.161118	293.097013	293.199465	0.0383467222	0	0	0	310.328	0	0	3
12	5	0	0.201933071	293.106824	293.156593	293.097013	293.199465	0.0428712464	0	0	0	645.879	0	0	3
13	5	0	0.218760827	293.065588	293.149593	293.065588	293.199465	0.049871688	0	0	0	1019.56	0	0	3
14	6	0	0.235588583	293.128255	293.148069	293.065588	293.199465	0.0513958341	0	0	0	733.734	0	0	3
15	6	0	0.252416339	293.149745	293.14818	293.065588	293.199465	0.0513958341	0	0	0	1751.33	0	0	3
16	6	0	0.269244095	293.132142	293.147178	293.065588	293.199465	0.0522864488	0	0	0	875.785	0	0	3
17	6	0	0.286071851	293.13169	293.146267	293.065588	293.199465	0.0531975019	0	0	0	1474.85	0	0	3
18	7	0	0.302899607	293.152382	293.146607	293.065588	293.199465	0.0531975019	0	0	0	910.093	0	0	3
19	7	0	0.319727363	293.162298	293.147433	293.065588	293.199465	0.0531975019	0	0	0	1290.92	0	0	3
20	7	0	0.336555119	293.182524	293.149187	293.065588	293.199465	0.0531975019	0	0	0	901.285	0	0	3
21	7	0	0.353382875	293.209754	293.152071	293.065588	293.209754	0.0531975019	0	0	0	1050.55	0	0	3
22	8	0	0.370210631	293.230956	293.155657	293.065588	293.230956	0.0531975019	0	0	0	869.432	0	0	3
23	8	0	0.387038387	293.238099	293.159241	293.065588	293.238099	0.0531975019	0	0	0	831.216	0	0	3
24	8	0	0.403866143	293.247953	293.162938	293.065588	293.247953	0.0531975019	0	0	0	834.145	0	0	3
25	8	0	0.420693898	293.254563	293.166603	293.065588	293.254563	0.0531975019	0	0	0	739.081	0	0	3
26	8	0	0.437521654	293.284191	293.171125	293.065588	293.284191	0.0531975019	0	0	0	666.243	0	0	3
27	9	0	0.45434941	293.290827	293.175559	293.065588	293.290827	0.0531975019	0	0	0	607.794	0	0	3
28	9	0	0.471177166	293.328377	293.181017	293.065588	293.328377	0.0531975019	0	0	0	554.314	0	0	3
29	9	0	0.488004922	293.354247	293.18699	293.065588	293.354247	0.0531975019	0	0	0	539.105	0	0	3
30	9	0	0.504832678	293.384229	293.193565	293.065588	293.384229	0.0531975019	0	0	0	515.273	0	0	3
31	10	0	0.521660434	293.40765	293.200504	293.065588	293.40765	0.0542371285	0	0	0	489.401	0	0	3
32	10	0	0.53848819	293.457811	293.209153	293.065588	293.457811	0.0628856567	0	0	0	471.932	0	0	3
33	10	0	0.555315946	293.458244	293.217898	293.065588	293.458244	0.0716307555	0	0	0	467.701	0	0	3
34	10	0	0.572143702	293.498625	293.228143	293.065588	293.498625	0.0818759592	0	0	0	471.716	0	0	3
35	10	0	0.588971458	293.532453	293.239761	293.065588	293.532453	0.0934938107	0	0	0	468.476	0	0	3
36	11	0	0.605799214	293.562109	293.252943	293.065588	293.562109	0.106675558	0	0	0	468.914	0	0	3
37	11	0	0.62262697	293.578166	293.267295	293.065588	293.578166	0.121027563	0	0	0	470.055	0	0	3
38	11	0	0.639454726	293.597069	293.282581	293.065588	293.597069	0.136313585	0	0	0	477.759	0	0	3
39	11	0	0.656282482	293.627773	293.299079	293.065588	293.627773	0.152811953	0	0	0	483.281	0	0	3
40	12	0	0.673110238	293.641524	293.316436	293.065588	293.641524	0.170169012	0	0	0	490.28	0	0	3
41	12	0	0.689937993	293.653235	293.334977	293.065588	293.653235	0.18870975	0	0	0	496.811	0	0	3
42	12	0	0.706765749	293.654	293.353216	293.065588	293.654	0.206948961	0	0	0	502.389	0	0	3
43	12	0	0.723593505	293.652974	293.372796	293.128255	293.654	0.2265285	0	0	0	506.593	0	0	3
44	13	0	0.740421261	293.647821	293.390114	293.13169	293.654	0.243847369	0	0	0	510.678	0	0	3
45	13	0	0.757249017	293.618828	293.40575	293.13169	293.654	0.259483464	0	0	0	512.759	0	0	3
46	13	0	0.774076773	293.593501	293.421129	293.13169	293.654	0.274862085	0	0	0	515.589	0	0	3
47	13	0	0.790904529	293.574121	293.435877	293.152382	293.654	0.289270062	0	0	0	516.94	0	0	3
48	13	0	0.807732285	293.539213	293.448771	293.162298	293.654	0.301338593	0	0	0	519.185	0	0	3
49	14	0	0.824560041	293.506506	293.460245	293.182524	293.654	0.311057651	0	0	0	520.949	0	0	3
50	14	0	0.841387797	293.474504	293.469977	293.209754	293.654	0.317906167	0	0	0	523.778	0	0	3
51	14	0	0.858215553	293.422701	293.477076	293.230956	293.654	0.321418745	0	0	0	526.346	0	0	3
52	14	0	0.875043309	293.36449	293.481527	293.238099	293.654	0.322285431	0	0	0	528.109	0	0	3
53	15	0	0.891871065	293.313428	293.484038	293.247953	293.654	0.321100066	0	0	0	529.502	0	0	3
54	15	0	0.908698821	293.23798	293.483705	293.23798	293.654	0.317435071	0	0	0	533.848	0	0	3
55	15	0	0.925526577	293.182773	293.481312	293.182773	293.654	0.31291246	0	0	0	537.943	0	0	3
56	15	0	0.942354333	293.122791	293.475932	293.122791	293.654	0.308479055	0	0	0	540.166	0	0	3
57	16	0	0.959182088	293.049557	293.46789	293.049557	293.654	0.303021277	0	0	0	542.307	0	0	3
58	16	0	0.976009844	292.974064	293.45608	292.974064	293.654	0.297047803	0	0	0	544.383	0	0	3
59	16	0	0.9928376	292.902615	293.441025	292.902615	293.654	0.290473158	0	0	0	546.297	0	0	3
60	16	0	1.00966536	292.824499	293.422368	292.824499	293.654	0.283533647	0.0248850183	0	0	547.312	0	0	3
61	17	0	1.02649311	292.747022	293.400347	292.747022	293.654	0.274885119	0.0272093204	0	0	548.581	0	0	3
62	17	0	1.04332087	292.687291	293.374663	292.687291	293.654	0.26614002	0.0281052958	0	0	549.619	0	0	3
63	17	0	1.06014862	292.615381	293.346567	292.615381	293.654	0.255894816	0.0291230541	0	0	559.266	0	0	3
64	17	0	1.07697638	292.558846	293.315241	292.558846	293.654	0.244276965	0.0300559469	0	0	556.711	0	0	3
65	18	0	1.09380414	292.475559	293.280011	292.475559	293.654	0.231095218	0.031115401	0	0	555.153	0	0	3
66	18	0	1.11063189	292.423528	293.242059	292.423528	293.654	0.241979083	0.0320818618	0	0	553.856	0	0	3
67	18	0	1.12745965	292.359675	293.201442	292.359675	293.654	0.282595457	0.0330458439	0	0	553.715	0	0	3
68	18	0	1.1442874	292.289343	293.157851	292.289343	293.654	0.326186332	0.0340325776	0	0	551.106	0	0	3
69	19	0	1.16111516	292.219496	293.110909	292.219496	293.654	0.37312891	0.0350328594	0	0	561.847	0	0	3
70	19	0	1.17794292	292.178522	293.062142	292.178522	293.654	0.421895646	0.0359560079	0	0	558.794	0	0	3
71	19	0	1.19477067	292.105121	293.010538	292.105121	293.654	0.473499454	0.0369114943	0	0	556.524	0	0	3
72	20	0	1.21159843	292.047582	292.956991	292.047582	293.652974	0.527046726	0.0378515818	0	0	555.624	0	0	3
73	20	0	1.22842618	291.992404	292.901639	291.992404	293.647821	0.582399066	0.0387743747	0	0	555.75	0	0	3
74	20	0	1.24525394	291.919638	292.844033	291.919638	293.618828	0.640005161	0.0397212661	0	0	556.253	0	0	3
75	20	0	1.2620817	291.867163	292.785644	291.867163	293.593501	0.69839398	0.0406468544	0	0	560.553	0	0	3
76	21	0	1.27890945	291.823562	292.726646	291.823562	293.574121	0.757391957	0.0415384976	0	0	560.585	0	0	3
77	21	0	1.29573721	291.768411	292.666456	291.768411	293.539213	0.817582288	0.0424225654	0	0	561.818	0	0	3
78	21	0	1.31256496	291.712706	292.605572	291.712706	293.506506	0.878465872	0.0433012463	0	0	558.647	0	0	3
79	21	0	1.32939272	291.656087	292.543891	291.656087	293.474504	0.940146519	0.0441768331	0	0	561.918	0	0	3
80	22	0	1.34622048	291.596554	292.481293	291.596554	293.422701	1.00274485	0.0450541609	0	0	561.892	0	0	3
81	22	0	1.36304823	291.544115	292.418673	291.544115	293.36449	1.06536442	0.0459228465	0	0	562.846	0	0	3
82	22	0	1.37987599	291.49443	292.356338	291.49443	293.313428	1.12769974	0.0467803124	0	0	560.96	0	0	3
83	23	0	1.39670374	291.443226	292.293998	291.443226	293.23798	1.18970735	0.0476300038	0	0	563.135	0	0	3
84	23	0	1.4135315	291.390375	292.232411	291.390375	293.182773	1.2489012	0.0484749515	0	0	562.711	0	0	3
85	23	0	1.43035925	291.339186	292.170958	291.339186	293.122791	1.30497412	0.0493137297	0	0	563.163	0	0	3
86	23	0	1.44718701	291.299275	292.110174	291.299275	293.049557	1.35771563	0.0501340377	0	0	561.032	0	0	3
87	24	0	1.46401477	291.25124	292.050231	291.25124	292.974064	1.40584911	0.0509469546	0	0	561.763	0	0	3
88	24	0	1.48084252	291.203001	291.991195	291.203001	292.902615	1.44983016	0.0517534906	0	0	562.376	0	0	3
89	24	0	1.49767028	291.15356	291.932893	291.15356	292.824499	1.48947434	0.0525555497	0	0	562.588	0	0	3
