Iteration	CPUTime	PhysTime	Travels	Value	AvValue	MinValue	MaxValue	Delta	Criteria	Progress	dGMaxMin	CriteriaType	CriteriaVarType	CriteriaPercentage
1	3	0	0.0166147287	508092.048	508092.048	508092.048	508092.048	0	0	0	0	1.21938e+07	0	0	3
2	3	0	0.0332294575	492124.496	500108.272	492124.496	508092.048	7983.7757	0	0	0	7.39202e+06	0	0	3
3	3	0	0.0498441862	579743.551	526653.365	492124.496	579743.551	26545.093	0	0	0	4.71915e+06	0	0	3
4	4	0	0.066458915	662826.096	560696.548	492124.496	662826.096	60588.2757	0	0	0	3.60873e+06	0	0	3
5	4	0	0.0830736437	692144.879	586986.214	492124.496	692144.879	86877.942	0	0	0	3.52357e+06	0	0	3
6	4	0	0.0996883725	684821.471	603292.09	492124.496	692144.879	103183.818	0	0	0	3.43528e+06	0	0	3
7	5	0	0.116303101	673210.026	613280.367	492124.496	692144.879	113172.095	0	0	0	3.3999e+06	0	0	3
8	5	0	0.13291783	665534.537	619812.138	492124.496	692144.879	119703.866	0	0	0	3.29193e+06	0	0	3
9	5	0	0.149532559	662841.274	624593.153	492124.496	692144.879	124484.881	0	0	0	3.16798e+06	0	0	3
10	5	0	0.166147287	662645.292	628398.367	492124.496	692144.879	128290.095	0	0	0	2.97664e+06	0	0	3
11	6	0	0.182762016	663898.366	631625.64	492124.496	692144.879	131517.368	0	0	0	2.94106e+06	0	0	3
12	6	0	0.199376745	664680.319	634380.196	492124.496	692144.879	134271.924	0	0	0	2.8565e+06	0	0	3
13	6	0	0.215991474	665506.585	636774.534	492124.496	692144.879	136666.262	0	0	0	2.79946e+06	0	0	3
14	7	0	0.232606202	665575.908	638831.775	492124.496	692144.879	138723.503	0	0	0	2.72189e+06	0	0	3
15	7	0	0.249220931	665677.685	640621.502	492124.496	692144.879	140513.23	0	0	0	2.68591e+06	0	0	3
16	7	0	0.26583566	665403.698	642170.389	492124.496	692144.879	142062.117	0	0	0	2.63759e+06	0	0	3
17	8	0	0.282450389	665472.363	643541.094	492124.496	692144.879	143432.822	0	0	0	2.64183e+06	0	0	3
18	8	0	0.299065117	665209.397	644744.888	492124.496	692144.879	144636.616	0	0	0	2.64262e+06	0	0	3
19	8	0	0.315679846	665329.248	645828.276	492124.496	692144.879	145720.004	0	0	0	2.64686e+06	0	0	3
20	8	0	0.332294575	665225.61	646798.142	492124.496	692144.879	146689.87	0	0	0	2.65851e+06	0	0	3
21	9	0	0.348909304	665416.475	647684.73	492124.496	692144.879	147576.458	0	0	0	2.67081e+06	0	0	3
22	9	0	0.365524032	665265.724	648483.866	492124.496	692144.879	148375.594	0	0	0	2.67268e+06	0	0	3
23	9	0	0.382138761	665377.303	649218.363	492124.496	692144.879	149110.091	0	0	0	2.69443e+06	0	0	3
24	10	0	0.39875349	665216.502	649884.952	492124.496	692144.879	149776.68	0	0	0	2.69142e+06	0	0	3
25	10	0	0.415368219	665328.389	650502.69	492124.496	692144.879	150394.418	0	0	0	2.71179e+06	0	0	3
26	10	0	0.431982947	665169.986	651066.816	492124.496	692144.879	150958.544	0	0	0	2.7114e+06	0	0	3
27	11	0	0.448597676	665174.631	651589.328	492124.496	692144.879	151481.056	0	0	0	2.71486e+06	0	0	3
28	11	0	0.465212405	665026.316	652069.221	492124.496	692144.879	151960.948	0	0	0	2.72467e+06	0	0	3
29	11	0	0.481827134	665052.682	652516.926	492124.496	692144.879	152408.654	0	0	0	2.72224e+06	0	0	3
30	11	0	0.498441862	664918.141	652930.3	492124.496	692144.879	152822.028	0	0	0	2.71839e+06	0	0	3
31	12	0	0.515056591	665049.572	653321.244	492124.496	692144.879	153212.972	0	0	0	2.73113e+06	0	0	3
32	12	0	0.53167132	665075.604	658385.23	492124.496	692144.879	158276.958	0	0	0	2.73041e+06	0	0	3
33	13	0	0.548286049	665117.929	663965.663	579743.551	692144.879	112401.328	0	0	0	2.72632e+06	0	0	3
34	13	0	0.564900777	665066.552	666718.018	662645.292	692144.879	29499.5877	0	0	0	2.72823e+06	0	0	3
35	13	0	0.581515506	665098.086	666791.308	662645.292	692144.879	29499.5877	0	0	0	2.72712e+06	0	0	3
36	14	0	0.598130235	665066.518	665917.813	662645.292	684821.471	22176.1792	0	0	0	2.73752e+06	0	0	3
37	14	0	0.614744964	665074.134	665280.802	662645.292	673210.026	10564.7342	0	0	0	2.72921e+06	0	0	3
38	14	0	0.631359692	665035.745	665017.115	662645.292	665677.685	3032.39369	0	0	0	2.73896e+06	0	0	3
39	14	0	0.647974421	664997.525	664999.792	662645.292	665677.685	3032.39369	0	0	0	2.73051e+06	0	0	3
40	15	0	0.66458915	664935.33	665067.342	662645.292	665677.685	3032.39369	0	0	0	2.73897e+06	0	0	3
41	15	0	0.681203879	664943.428	665141.476	663898.366	665677.685	1779.31884	0	0	0	2.74644e+06	0	0	3
42	15	0	0.697818607	664918.51	665174.384	664680.319	665677.685	997.366054	0	0	0	2.73626e+06	0	0	3
43	16	0	0.714433336	664923.489	665182.228	664918.141	665677.685	759.544159	0	0	0	2.74259e+06	0	0	3
44	16	0	0.731048065	664884.873	665162.173	664884.873	665677.685	792.812341	0	0	0	2.74137e+06	0	0	3
45	16	0	0.747662793	664869.939	665139.4	664869.939	665677.685	807.745831	0	0	0	2.73103e+06	0	0	3
46	17	0	0.764277522	664810.716	665111.433	664810.716	665472.363	661.646951	0	0	0	2.73909e+06	0	0	3
47	17	0	0.780892251	664745.973	665090.216	664745.973	665472.363	726.389844	0	0	0	2.72595e+06	0	0	3
48	18	0	0.79750698	664693.188	665065.081	664693.188	665416.475	723.286709	0	0	0	2.72599e+06	0	0	3
49	18	0	0.814121708	664618.241	665046.012	664618.241	665416.475	798.234144	0	0	0	2.72774e+06	0	0	3
50	18	0	0.830736437	664575.224	665021.688	664575.224	665416.475	841.250531	0	0	0	2.7249e+06	0	0	3
51	19	0	0.847351166	664522.569	664999.01	664522.569	665416.475	893.906295	0	0	0	2.72404e+06	0	0	3
52	19	0	0.863965895	664493.587	664969.239	664493.587	665377.303	883.715865	0	0	0	2.71381e+06	0	0	3
53	19	0	0.880580623	664471.679	664943.625	664471.679	665377.303	905.624088	0	0	0	2.72691e+06	0	0	3
54	20	0	0.897195352	664455.433	664913.887	664455.433	665328.389	872.956491	0	0	0	2.71238e+06	0	0	3
55	20	0	0.913810081	664436.611	664888.729	664436.611	665328.389	891.778275	0	0	0	2.71928e+06	0	0	3
56	20	0	0.93042481	664388.107	664858.397	664388.107	665174.631	786.524188	0	0	0	2.70599e+06	0	0	3
57	21	0	0.947039538	664349.698	664831.936	664349.698	665174.631	824.932931	0	0	0	2.7145e+06	0	0	3
58	21	0	0.963654267	664315.251	664804.215	664315.251	665117.929	802.678616	0	0	0	2.70436e+06	0	0	3
59	21	0	0.980268996	664281.864	664780.2	664281.864	665117.929	836.065049	0	0	0	2.71254e+06	0	0	3
60	21	0	0.996883725	664250.21	664754.314	664250.21	665117.929	867.71931	0	0	0	2.69867e+06	0	0	3
61	22	0	1.01349845	664202.833	664731.239	664202.833	665117.929	915.096132	3372.03985	0	100	2.69977e+06	0	0	3
62	22	0	1.03011318	664149.893	664702.217	664149.893	665117.929	968.036529	3372.03985	0	100	2.69843e+06	0	0	3
63	23	0	1.04672791	664095.385	664670.597	664095.385	665117.929	1022.54423	3372.03985	0	100	2.70677e+06	0	0	3
64	23	0	1.06334264	664041.417	664635.871	664041.417	665098.086	1056.66885	3372.03985	0	100	2.69313e+06	0	0	3
65	23	0	1.07995737	663980.434	664600.835	663980.434	665098.086	1117.6523	3372.03985	0	100	2.70223e+06	0	0	3
66	24	0	1.0965721	663909.586	664562.496	663909.586	665074.134	1164.54816	3372.03985	0	100	2.68802e+06	0	0	3
67	24	0	1.11318683	663840.99	664522.963	663840.99	665074.134	757.838386	3372.03985	0	100	2.69697e+06	0	0	3
68	25	0	1.12980155	663767.012	664480.798	663767.012	665035.745	701.429868	3372.03985	0	100	2.68914e+06	0	0	3
69	25	0	1.14641628	663713.901	664438.158	663713.901	664997.525	744.069982	3372.03985	0	100	2.6975e+06	0	0	3
70	25	0	1.16303101	663656.32	664394.893	663656.32	664943.428	787.334666	3372.03985	0	100	2.68396e+06	0	0	3
71	26	0	1.17964574	663605.511	664351.996	663605.511	664943.428	830.232036	3372.03985	0	100	2.68405e+06	0	0	3
72	26	0	1.19626047	663541.375	664306.768	663541.375	664923.489	875.459574	3372.03985	0	100	2.6842e+06	0	0	3
73	27	0	1.2128752	663497.579	664260.932	663497.579	664923.489	921.296049	3372.03985	0	100	2.68947e+06	0	0	3
74	27	0	1.22948993	663458.495	664213.674	663458.495	664884.873	948.498714	3372.03985	0	100	2.67687e+06	0	0	3
75	27	0	1.24610466	663436.515	664166.953	663436.515	664869.939	972.446747	3372.03985	0	100	2.67762e+06	0	0	3
76	28	0	1.26271938	663392.516	664119.294	663392.516	664810.716	992.138829	3372.03985	0	100	2.67721e+06	0	0	3
77	28	0	1.27933411	663348.324	664072.12	663348.324	664745.973	1018.09583	3372.03985	0	100	2.68302e+06	0	0	3
78	28	0	1.29594884	663312.051	664025.864	663312.051	664693.188	1039.21672	3372.03985	0	100	2.67055e+06	0	0	3
79	29	0	1.31256357	663295.667	663980.783	663295.667	664618.241	1065.22847	3372.03985	0	100	2.67112e+06	0	0	3
80	29	0	1.3291783	663265.128	663937.134	663265.128	664575.224	1084.55391	3372.03985	0	100	2.66991e+06	0	0	3
81	30	0	1.34579303	663247.164	663894.294	663247.164	664522.569	1104.71581	3372.03985	0	100	2.67769e+06	0	0	3
82	30	0	1.36240776	663224.76	663852.429	663224.76	664493.587	1116.81003	3372.03985	0	100	2.66321e+06	0	0	3
83	30	0	1.37902249	663204.623	663810.849	663204.623	664471.679	1132.77516	3372.03985	0	100	2.66592e+06	0	0	3
84	31	0	1.39563721	663163.235	663768.642	663163.235	664455.433	1145.24529	3372.03985	0	100	2.6644e+06	0	0	3
85	31	0	1.41225194	663139.04	663726.177	663139.04	664436.611	1162.55179	3372.03985	0	100	2.6722e+06	0	0	3
86	32	0	1.42886667	663115.507	663683.561	663115.507	664388.107	1174.83635	3372.03985	0	100	2.65731e+06	0	0	3
87	32	0	1.4454814	663099.307	663641.987	663099.307	664349.698	1189.94964	3372.03985	0	100	2.65902e+06	0	0	3
88	33	0	1.46209613	663071.522	663600.755	663071.522	664315.251	1203.45918	3372.03985	0	100	2.65857e+06	0	0	3
89	33	0	1.47871086	663046.76	663559.836	663046.76	664281.864	1220.36367	3372.03985	0	100	2.66846e+06	0	0	3
90	33	0	1.49532559	663019.122	663519.103	663019.122	664250.21	1231.08813	3372.03985	0	100	2.65327e+06	0	0	3
91	34	0	1.51194032	662998.384	663478.721	662998.384	664202.833	1204.44866	3372.03985	0	100	2.65466e+06	0	0	3
92	34	0	1.52855504	662945.053	663438.148	662945.053	664149.893	1204.83941	3372.03985	0	100	2.65306e+06	0	0	3
93	35	0	1.54516977	662924.031	663398.604	662924.031	664095.385	1171.35439	3372.03985	0	100	2.66236e+06	0	0	3
94	35	0	1.5617845	662863.979	663358.881	662863.979	664041.417	1177.43864	3372.03985	0	100	2.64752e+06	0	0	3
95	35	0	1.57839923	662807.849	663319.088	662807.849	663980.434	1172.58477	3372.03985	0	100	2.6494e+06	0	0	3
96	36	0	1.59501396	662766.643	663279.934	662766.643	663909.586	1142.94329	3372.03985	0	100	2.64818e+06	0	0	3
97	36	0	1.61162869	662718.59	663241.515	662718.59	663840.99	1122.40031	3372.03985	0	100	2.65861e+06	0	0	3
98	37	0	1.62824342	662646.828	663202.993	662646.828	663767.012	1120.18414	3372.03985	0	100	2.64326e+06	0	0	3
99	37	0	1.64485815	662587.152	663164.933	662587.152	663713.901	1126.74877	3372.03985	0	100	2.64486e+06	0	0	3
100	38	0	1.66147287	662513.418	663126.208	662513.418	663656.32	1142.90252	3372.03985	0	100	2.64401e+06	0	0	3
101	39	0	1.6780876	662438.002	663086.907	662438.002	663605.511	1167.50949	3372.03985	0	100	2.65489e+06	0	0	3
102	39	0	1.69470233	662341.962	663046.148	662341.962	663541.375	1199.41216	3372.03985	0	100	2.64057e+06	0	0	3
103	40	0	1.71131706	662226.534	663003.734	662226.534	663497.579	1257.19834	3372.03985	0	100	2.6418e+06	0	0	3
104	40	0	1.72793179	662081.786	662958.063	662081.786	663458.495	1255.61121	3372.03985	0	100	2.64122e+06	0	0	3
105	40	0	1.74454652	661936.26	662908.958	661936.26	663436.515	1257.99435	3372.03985	0	100	2.65124e+06	0	0	3
106	41	0	1.76116125	661810.745	662856.514	661810.745	663392.516	1262.77972	3372.03985	0	100	2.63773e+06	0	0	3
107	41	0	1.77777598	661662.895	662800.72	661662.895	663348.324	1271.4	3372.03985	0	100	2.63996e+06	0	0	3
108	42	0	1.7943907	661604.311	662744.462	661604.311	663312.051	1281.40293	3372.03985	0	100	2.63828e+06	0	0	3
109	42	0	1.81100543	661524.014	662686.783	661524.014	663295.667	1294.00023	3372.03985	0	100	2.64816e+06	0	0	3
110	42	0	1.82762016	661568.204	662631.058	661524.014	663265.128	1306.07606	3372.03985	0	100	2.63439e+06	0	0	3
111	43	0	1.84423489	661650.155	662578.962	661524.014	663247.164	1315.33131	3372.03985	0	100	2.63679e+06	0	0	3
112	43	0	1.86084962	661876.922	662534.761	661524.014	663224.76	1317.66788	3372.03985	0	100	2.63574e+06	0	0	3
113	44	0	1.87746435	662136.449	662499.654	661524.014	663204.623	1311.1952	3372.03985	0	100	2.64568e+06	0	0	3
114	44	0	1.89407908	662486.115	662476.477	661524.014	663163.235	1292.16501	3372.03985	0	100	2.63158e+06	0	0	3
115	44	0	1.91069381	662797.808	662464.689	661524.014	663139.04	1261.48868	3372.03985	0	100	2.6336e+06	0	0	3
116	45	0	1.92730853	663132.399	662464.474	661524.014	663132.399	1219.08666	3372.03985	0	100	2.63314e+06	0	0	3
117	45	0	1.94392326	663363.595	662472.477	661524.014	663363.595	1177.51247	3372.03985	0	100	2.64455e+06	0	0	3
118	46	0	1.96053799	663568.566	662487.615	661524.014	663568.566	1136.28098	3372.03985	0	100	2.6291e+06	0	0	3
119	46	0	1.97715272	663665.248	662506.767	661524.014	663665.248	1095.36193	3372.03985	0	100	2.63338e+06	0	0	3
120	46	0	1.99376745	663710.953	662528.193	661524.014	663710.953	1054.62831	3372.03985	0	100	2.62667e+06	0	0	3
121	47	0	2.01038218	663644.562	662548.368	661524.014	663710.953	1014.24684	3372.03985	0	100	2.63043e+06	0	0	3
122	47	0	2.02699691	663582.358	662567.206	661524.014	663710.953	973.6733	3372.03985	0	100	2.63063e+06	0	0	3
123	48	0	2.04361164	663446.689	662583.388	661524.014	663710.953	934.129361	3372.03985	0	100	2.64104e+06	0	0	3
124	48	0	2.06022636	663340.831	662596.833	661524.014	663710.953	894.40658	3372.03985	0	100	2.63237e+06	0	0	3
125	48	0	2.07684109	663191.368	662607.394	661524.014	663710.953	854.614057	3372.03985	0	100	2.61965e+06	0	0	3
126	49	0	2.09345582	663117.699	662617.389	661524.014	663710.953	815.45951	3372.03985	0	100	2.63281e+06	0	0	3
127	49	0	2.11007055	663020.029	662625.563	661524.014	663710.953	777.040263	3372.03985	0	100	2.6242e+06	0	0	3
128	50	0	2.12668528	662989.598	662634.305	661524.014	663710.953	738.5189	3372.03985	0	100	2.6367e+06	0	0	3
129	50	0	2.14330001	662936.359	662643.645	661524.014	663710.953	700.458919	3372.03985	0	100	2.62682e+06	0	0	3
130	50	0	2.15991474	662957.862	662655.603	661524.014	663710.953	661.733644	3372.03985	0	100	2.63453e+06	0	0	3
131	51	0	2.17652947	662977.259	662670.566	661524.014	663710.953	622.433042	3372.03985	0	100	2.63858e+06	0	0	3
132	51	0	2.19314419	663054.856	662690.464	661524.014	663710.953	581.673408	3372.03985	0	100	2.63765e+06	0	0	3
133	51	0	2.20975892	663123.986	662715.691	661524.014	663710.953	539.259191	3372.03985	0	100	2.63806e+06	0	0	3
134	52	0	2.22637365	663251.727	662748.762	661524.014	663710.953	493.58844	3372.03985	0	100	2.63596e+06	0	0	3
135	52	0	2.24298838	663331.651	662789.08	661524.014	663710.953	444.484073	3372.03985	0	100	2.63639e+06	0	0	3
136	53	0	2.25960311	663411.167	662836.657	661524.014	663710.953	392.039876	3372.03985	0	100	2.63484e+06	0	0	3
137	53	0	2.27621784	663459.044	662889.828	661524.014	663710.953	425.353958	3372.03985	0	100	2.64082e+06	0	0	3
138	53	0	2.29283257	663472.453	662948.201	661524.014	663710.953	483.726806	3372.03985	0	100	2.63092e+06	0	0	3
139	54	0	2.3094473	663443.249	663007.522	661524.014	663710.953	543.04739	3372.03985	0	100	2.63247e+06	0	0	3
140	54	0	2.32606202	663393.892	663067.84	661568.204	663710.953	603.366053	3372.03985	0	100	2.63171e+06	0	0	3
141	55	0	2.34267675	663336.172	663124.872	661650.155	663710.953	660.397249	3372.03985	0	100	2.63066e+06	0	0	3
142	55	0	2.35929148	663256.187	663176.679	661876.922	663710.953	712.204717	3372.03985	0	100	2.63125e+06	0	0	3
143	55	0	2.37590621	663196.753	663219.254	662136.449	663710.953	754.779896	3372.03985	0	100	2.63224e+06	0	0	3
144	56	0	2.39252094	663146.733	663251.844	662486.115	663710.953	787.369696	3372.03985	0	100	2.63074e+06	0	0	3
145	56	0	2.40913567	663131.443	663272.661	662797.808	663710.953	808.18674	3372.03985	0	100	2.6322e+06	0	0	3
146	56	0	2.4257504	663129.566	663283.363	662936.359	663710.953	774.59369	3372.03985	0	100	2.62737e+06	0	0	3
147	57	0	2.44236513	663156.721	663284.148	662936.359	663710.953	774.59369	3372.03985	0	100	2.63229e+06	0	0	3
148	57	0	2.45897985	663174.761	663278.056	662936.359	663710.953	774.59369	3372.03985	0	100	2.63157e+06	0	0	3
149	58	0	2.47559458	663239.956	663267.456	662936.359	663710.953	774.59369	3372.03985	0	100	2.63024e+06	0	0	3
150	58	0	2.49220931	663294.005	663255.48	662936.359	663710.953	755.954955	3372.03985	0	100	2.62911e+06	0	0	3
151	58	0	2.50882404	663340.545	663243.532	662936.359	663644.562	708.202316	3372.03985	0	100	2.63081e+06	0	0	3
152	59	0	2.52543877	663346.107	663233.904	662936.359	663582.358	645.998775	3372.03985	0	100	2.62831e+06	0	0	3
153	59	0	2.5420535	663377.119	663227.283	662936.359	663472.453	536.093757	3372.03985	0	100	2.6291e+06	0	0	3
154	59	0	2.55866823	663375.954	663225.002	662936.359	663472.453	536.093757	3372.03985	0	100	2.62531e+06	0	0	3
155	60	0	2.57528296	663349.916	663225.295	662936.359	663472.453	536.093757	3372.03985	0	100	2.63382e+06	0	0	3
156	60	0	2.59189768	663294.779	663228.631	662936.359	663472.453	536.093757	3372.03985	0	100	2.62391e+06	0	0	3
157	61	0	2.60851241	663240.605	663232.595	662936.359	663472.453	536.093757	3372.03985	0	100	2.63248e+06	0	0	3
158	61	0	2.62512714	663170.574	663237.452	662936.359	663472.453	536.093757	3372.03985	0	100	2.62251e+06	0	0	3
159	61	0	2.64174187	663137.873	663242.235	662936.359	663472.453	536.093757	3372.03985	0	100	2.62485e+06	0	0	3
160	62	0	2.6583566	663124.21	663248.294	662957.862	663472.453	514.591303	3372.03985	0	100	2.62409e+06	0	0	3
161	62	0	2.67497133	663087.327	663252.471	662977.259	663472.453	495.19412	3372.03985	0	100	2.62765e+06	0	0	3
162	62	0	2.69158606	663043.469	663254.606	663043.469	663472.453	428.983775	3372.03985	0	100	2.62323e+06	0	0	3
163	63	0	2.70820079	663033.058	663253.903	663033.058	663472.453	439.395094	3372.03985	0	100	2.63292e+06	0	0	3
164	63	0	2.72481551	663041.272	663251.235	663033.058	663472.453	439.395094	3372.03985	0	100	2.62265e+06	0	0	3
165	64	0	2.74143024	663036.038	663244.277	663033.058	663472.453	439.395094	3372.03985	0	100	2.63172e+06	0	0	3
166	64	0	2.75804497	663070.113	663235.841	663033.058	663472.453	439.395094	3372.03985	0	100	2.62236e+06	0	0	3
167	64	0	2.7746597	663110.492	663226.141	663033.058	663472.453	394.319239	3372.03985	0	100	2.627e+06	0	0	3
168	65	0	2.79127443	663135.426	663215.702	663033.058	663472.453	335.94639	3372.03985	0	100	2.62315e+06	0	0	3
169	65	0	2.80788916	663221.166	663207.596	663033.058	663443.249	276.625807	3372.03985	0	100	2.63334e+06	0	0	3
170	65	0	2.82450389	663284.777	663202.484	663033.058	663393.892	216.307143	3372.03985	0	100	2.62179e+06	0	0	3
171	66	0	2.84111862	663356.568	663201.28	663033.058	663377.119	159.275947	3372.03985	0	100	2.62739e+06	0	0	3
172	66	0	2.85773334	663407.087	663203.568	663033.058	663407.087	107.468479	3372.03985	0	100	2.62338e+06	0	0	3
173	67	0	2.87434807	663449.589	663209.807	663033.058	663449.589	82.8674142	3372.03985	0	100	2.63324e+06	0	0	3
174	67	0	2.8909628	663449.807	663217.97	663033.058	663449.807	82.8674142	3372.03985	0	100	2.62225e+06	0	0	3
175	67	0	2.90757753	663474.277	663228.536	663033.058	663474.277	82.8674142	3372.03985	0	100	2.62722e+06	0	0	3
176	68	0	2.92419226	663469.944	663239.455	663033.058	663474.277	82.8674142	3372.03985	0	100	2.62354e+06	0	0	3
177	68	0	2.94080699	663459.725	663250.105	663033.058	663474.277	82.8674142	3372.03985	0	100	2.63296e+06	0	0	3
178	68	0	2.95742172	663423.097	663258.698	663033.058	663474.277	76.7760041	3372.03985	0	100	2.62231e+06	0	0	3
179	69	0	2.97403645	663390.753	663265.665	663033.058	663474.277	66.1756909	3372.03985	0	100	2.62738e+06	0	0	3
180	69	0	2.99065117	663327.74	663268.497	663033.058	663474.277	67.2169915	3372.03985	0	100	2.62394e+06	0	0	3
181	69	0	3.0072659	663309.656	663269.002	663033.058	663474.277	67.7218782	3372.03985	0	100	2.63367e+06	0	0	3
182	70	0	3.02388063	663273.41	663266.836	663033.058	663474.277	67.7218782	3372.03985	0	100	2.62276e+06	0	0	3
183	70	0	3.04049536	663273.658	663264.499	663033.058	663474.277	67.7218782	3372.03985	0	100	2.63387e+06	0	0	3
184	71	0	3.05711009	663265.656	663260.904	663033.058	663474.277	67.7218782	3372.03985	0	100	2.62554e+06	0	0	3
185	71	0	3.07372482	663267.65	663257.41	663033.058	663474.277	67.7218782	3372.03985	0	100	2.6283e+06	0	0	3
186	71	0	3.09033955	663246.344	663254.069	663033.058	663474.277	67.7218782	3372.03985	0	100	2.62321e+06	0	0	3
187	72	0	3.10695428	663249.95	663252.623	663033.058	663474.277	67.7218782	3372.03985	0	100	2.636e+06	0	0	3
188	72	0	3.123569	663235.248	663252.45	663033.058	663474.277	67.7218782	3372.03985	0	100	2.62644e+06	0	0	3
189	72	0	3.14018373	663235.888	663254.557	663033.058	663474.277	67.7218782	3372.03985	0	100	2.63634e+06	0	0	3
190	73	0	3.15679846	663204.249	663256.698	663033.058	663474.277	67.7218782	3372.03985	0	100	2.62597e+06	0	0	3
191	73	0	3.17341319	663203.279	663259.249	663033.058	663474.277	67.7218782	3372.03985	0	100	2.63282e+06	0	0	3
192	74	0	3.19002792	663184.909	663262.397	663033.058	663474.277	67.7218782	3372.03985	0	100	2.62888e+06	0	0	3
193	74	0	3.20664265	663161.53	663266.205	663033.058	663474.277	67.7218782	3372.03985	0	100	2.63942e+06	0	0	3
194	74	0	3.22325738	663142.074	663269.722	663036.038	663474.277	68.441545	3372.03985	0	100	2.62849e+06	0	0	3
195	75	0	3.23987211	663142.109	663272.975	663036.038	663474.277	71.694354	3372.03985	0	100	2.64045e+06	0	0	3
196	75	0	3.25648683	663119.965	663275.682	663070.113	663474.277	74.4016823	3372.03985	0	100	2.63203e+06	0	0	3
197	76	0	3.27310156	663132.453	663277.693	663110.492	663474.277	76.4126427	3372.03985	0	100	2.63535e+06	0	0	3
198	76	0	3.28971629	663123.802	663278.122	663119.965	663474.277	76.8419889	3372.03985	0	100	2.63002e+06	0	0	3
199	76	0	3.30633102	663106.796	663277.199	663106.796	663474.277	76.8419889	3372.03985	0	100	2.64332e+06	0	0	3
200	77	0	3.32294575	663134.453	663274.401	663106.796	663474.277	76.8419889	3372.03985	0	100	2.63198e+06	0	0	3
201	78	0	3.33956048	663147.92	663269.987	663106.796	663474.277	76.8419889	3372.03985	0	100	2.64236e+06	0	0	3
202	79	0	3.35617521	663146.468	663263.209	663106.796	663474.277	74.5543789	3372.03985	0	100	2.63093e+06	0	0	3
203	79	0	3.37278994	663194.343	663256.347	663106.796	663474.277	68.3156014	3372.03985	0	100	2.63742e+06	0	0	3
204	79	0	3.38940466	663212.72	663248.706	663106.796	663474.277	60.1525559	3372.03985	0	100	2.6323e+06	0	0	3
205	80	0	3.40601939	663248.4	663242.209	663106.796	663474.277	49.5866279	3372.03985	0	100	2.64195e+06	0	0	3
206	80	0	3.42263412	663246.43	663234.859	663106.796	663469.944	43.2634403	3372.03985	0	100	2.62967e+06	0	0	3
207	81	0	3.43924885	663271.618	663228.461	663106.796	663459.725	49.6610553	3372.03985	0	100	2.64022e+06	0	0	3
208	81	0	3.45586358	663281.031	663222.697	663106.796	663423.097	55.4253815	3372.03985	0	100	2.63109e+06	0	0	3
209	81	0	3.47247831	663287.889	663218.335	663106.796	663390.753	59.78693	3372.03985	0	100	2.6332e+06	0	0	3
210	82	0	3.48909304	663278.991	663214.73	663106.796	663327.74	63.3921526	3372.03985	0	100	2.62699e+06	0	0	3
211	82	0	3.50570777	663292.989	663213.609	663106.796	663309.656	64.5131499	3372.03985	0	100	2.63972e+06	0	0	3
212	82	0	3.52232249	663290.221	663212.982	663106.796	663292.989	65.1401021	3372.03985	0	100	2.62663e+06	0	0	3
213	83	0	3.53893722	663288.49	663213.468	663106.796	663292.989	65.1401021	3372.03985	0	100	2.63825e+06	0	0	3
