Iteration	CPUTime	PhysTime	Travels	Value	AvValue	MinValue	MaxValue	Delta	Criteria	Progress	dGMaxMin	CriteriaType	CriteriaVarType	CriteriaPercentage
1	3	0	0.0166147287	293.199882	293.199882	293.199882	293.199882	0	0	0	0	0.0952965	0	0	3
2	3	0	0.0332294575	293.19984	293.199861	293.19984	293.199882	2.09586859e-05	0	0	0	0.121684	0	0	3
3	3	0	0.0498441862	293.199812	293.199844	293.199812	293.199882	3.73542983e-05	0	0	0	0.140479	0	0	3
4	4	0	0.066458915	293.199792	293.199831	293.199792	293.199882	5.03417965e-05	0	0	0	0.166497	0	0	3
5	4	0	0.0830736437	293.199771	293.199819	293.199771	293.199882	6.24234899e-05	0	0	0	0.180152	0	0	3
6	4	0	0.0996883725	293.199736	293.199805	293.199736	293.199882	7.62960019e-05	0	0	0	0.201743	0	0	3
7	5	0	0.116303101	293.199692	293.199789	293.199692	293.199882	9.25227975e-05	0	0	0	0.211759	0	0	3
8	5	0	0.13291783	293.199648	293.199772	293.199648	293.199882	0.000110159499	0	0	0	0.214277	0	0	3
9	5	0	0.149532559	293.199606	293.199753	293.199606	293.199882	0.000128603327	0	0	0	0.218954	0	0	3
10	5	0	0.166147287	293.199565	293.199734	293.199565	293.199882	0.000147377708	0	0	0	0.224595	0	0	3
11	6	0	0.182762016	293.19951	293.199714	293.19951	293.199882	0.000167822254	0	0	0	0.240174	0	0	3
12	6	0	0.199376745	293.199585	293.199703	293.19951	293.199882	0.000178569624	0	0	0	0.24752	0	0	3
13	6	0	0.215991474	293.199659	293.1997	293.19951	293.199882	0.000181969028	0	0	0	0.294104	0	0	3
14	7	0	0.232606202	293.199724	293.199702	293.19951	293.199882	0.000181969028	0	0	0	0.336493	0	0	3
15	7	0	0.249220931	293.199786	293.199707	293.19951	293.199882	0.000181969028	0	0	0	0.371073	0	0	3
16	7	0	0.26583566	293.199867	293.199717	293.19951	293.199882	0.000181969028	0	0	0	0.390331	0	0	3
17	8	0	0.282450389	293.199936	293.19973	293.19951	293.199936	0.000181969028	0	0	0	0.396171	0	0	3
18	8	0	0.299065117	293.200001	293.199745	293.19951	293.200001	0.000181969028	0	0	0	0.409149	0	0	3
19	8	0	0.315679846	293.200047	293.199761	293.19951	293.200047	0.000181969028	0	0	0	0.423835	0	0	3
20	8	0	0.332294575	293.200096	293.199778	293.19951	293.200096	0.000181969028	0	0	0	0.439993	0	0	3
21	9	0	0.348909304	293.200152	293.199795	293.19951	293.200152	0.000181969028	0	0	0	0.460255	0	0	3
22	9	0	0.365524032	293.200214	293.199815	293.19951	293.200214	0.000181969028	0	0	0	0.471068	0	0	3
23	9	0	0.382138761	293.200268	293.199834	293.19951	293.200268	0.000181969028	0	0	0	0.483496	0	0	3
24	10	0	0.39875349	293.200321	293.199854	293.19951	293.200321	0.000181969028	0	0	0	0.485475	0	0	3
25	10	0	0.415368219	293.200368	293.199875	293.19951	293.200368	0.000181969028	0	0	0	0.494392	0	0	3
26	10	0	0.431982947	293.200434	293.199897	293.19951	293.200434	0.000196722315	0	0	0	0.49798	0	0	3
27	11	0	0.448597676	293.200497	293.199919	293.19951	293.200497	0.00021896094	0	0	0	0.500255	0	0	3
28	11	0	0.465212405	293.20056	293.199942	293.19951	293.20056	0.000241866394	0	0	0	0.503585	0	0	3
29	11	0	0.481827134	293.200622	293.199965	293.19951	293.200622	0.000265333842	0	0	0	0.504942	0	0	3
30	11	0	0.498441862	293.20068	293.199989	293.19951	293.20068	0.000289155888	0	0	0	0.504308	0	0	3
31	12	0	0.515056591	293.200747	293.200013	293.19951	293.200747	0.00031362272	0	0	0	0.508235	0	0	3
32	12	0	0.53167132	293.200809	293.200043	293.19951	293.200809	0.000343531833	0	0	0	0.507399	0	0	3
33	13	0	0.548286049	293.200867	293.200076	293.19951	293.200867	0.000376660403	0	0	0	0.507197	0	0	3
34	13	0	0.564900777	293.200918	293.200112	293.19951	293.200918	0.000412356409	0	0	0	0.50681	0	0	3
35	13	0	0.581515506	293.200966	293.20015	293.19951	293.200966	0.000450210673	0	0	0	0.506339	0	0	3
36	14	0	0.598130235	293.201026	293.200191	293.19951	293.201026	0.000490705923	0	0	0	0.507645	0	0	3
37	14	0	0.614744964	293.201078	293.200234	293.19951	293.201078	0.00053400765	0	0	0	0.505865	0	0	3
38	14	0	0.631359692	293.201122	293.20028	293.19951	293.201122	0.000580133139	0	0	0	0.506229	0	0	3
39	14	0	0.647974421	293.201158	293.200329	293.19951	293.201158	0.000628840169	0	0	0	0.504787	0	0	3
40	15	0	0.66458915	293.201192	293.20038	293.19951	293.201192	0.000680026454	0	0	0	0.505171	0	0	3
41	15	0	0.681203879	293.201224	293.200433	293.19951	293.201224	0.000733531889	0	0	0	0.508218	0	0	3
42	15	0	0.697818607	293.201257	293.20049	293.199585	293.201257	0.000789896618	0	0	0	0.504581	0	0	3
43	16	0	0.714433336	293.201278	293.200544	293.199659	293.201278	0.000844506599	0	0	0	0.507865	0	0	3
44	16	0	0.731048065	293.201301	293.200597	293.199724	293.201301	0.000895773633	0	0	0	0.506529	0	0	3
45	16	0	0.747662793	293.201314	293.200649	293.199786	293.201314	0.000941446208	0	0	0	0.505751	0	0	3
46	17	0	0.764277522	293.20133	293.200698	293.199867	293.20133	0.000981278787	0	0	0	0.506481	0	0	3
47	17	0	0.780892251	293.201341	293.200746	293.199936	293.201341	0.0010159595	0	0	0	0.504787	0	0	3
48	18	0	0.79750698	293.201355	293.200792	293.200001	293.201355	0.00104670761	0	0	0	0.504181	0	0	3
49	18	0	0.814121708	293.201367	293.200836	293.200047	293.201367	0.00107487777	0	0	0	0.505964	0	0	3
50	18	0	0.830736437	293.201379	293.200879	293.200096	293.201379	0.00110107486	0	0	0	0.505093	0	0	3
51	19	0	0.847351166	293.201385	293.20092	293.200152	293.201385	0.00112485415	0	0	0	0.506188	0	0	3
52	19	0	0.863965895	293.201395	293.20096	293.200214	293.201395	0.0011459059	0	0	0	0.503494	0	0	3
53	19	0	0.880580623	293.201399	293.200999	293.200268	293.201399	0.001130967	0	0	0	0.507382	0	0	3
54	20	0	0.897195352	293.201406	293.201035	293.200321	293.201406	0.00108598139	0	0	0	0.502862	0	0	3
55	20	0	0.913810081	293.201411	293.201071	293.200368	293.201411	0.00104339279	0	0	0	0.505792	0	0	3
56	20	0	0.93042481	293.20142	293.201104	293.200434	293.20142	0.00098634528	0	0	0	0.501665	0	0	3
57	21	0	0.947039538	293.201425	293.201136	293.200497	293.201425	0.000927941823	0	0	0	0.504709	0	0	3
58	21	0	0.963654267	293.201434	293.201167	293.20056	293.201434	0.000873772331	0	0	0	0.501553	0	0	3
59	21	0	0.980268996	293.201438	293.201195	293.200622	293.201438	0.000815991059	0	0	0	0.504558	0	0	3
60	21	0	0.996883725	293.201444	293.201222	293.20068	293.201444	0.000764532045	0	0	0	0.500262	0	0	3
61	22	0	1.01349845	293.201447	293.201246	293.200747	293.201447	0.000699415612	5.81202588e-05	0	0	0.501901	0	0	3
62	22	0	1.03011318	293.201451	293.201269	293.200809	293.201451	0.00064216091	5.82483342e-05	0	0	0.500358	0	0	3
63	23	0	1.04672791	293.201451	293.20129	293.200867	293.201451	0.000584428396	5.82506332e-05	0	0	0.503307	0	0	3
64	23	0	1.06334264	293.201456	293.201309	293.200918	293.201456	0.000537672463	5.82974638e-05	0	0	0.498805	0	0	3
65	23	0	1.07995737	293.201457	293.201326	293.200966	293.201457	0.00049057992	5.83257893e-05	0	0	0.502185	0	0	3
66	24	0	1.0965721	293.201461	293.201342	293.201026	293.201461	0.000434807972	5.83707006e-05	0	0	0.497963	0	0	3
67	24	0	1.11318683	293.201461	293.201356	293.201078	293.201461	0.000382972862	5.84019281e-05	0	0	0.50128	0	0	3
68	25	0	1.12980155	293.201466	293.201369	293.201122	293.201466	0.000344517549	5.84450463e-05	0	0	0.498025	0	0	3
69	25	0	1.14641628	293.201465	293.20138	293.201158	293.201466	0.000308222602	5.8477385e-05	0	0	0.501447	0	0	3
70	25	0	1.16303101	293.20147	293.20139	293.201192	293.20147	0.000277329474	5.8513958e-05	0	0	0.497293	0	0	3
71	26	0	1.17964574	293.201469	293.201399	293.201224	293.20147	0.000245628983	5.85432164e-05	0	0	0.499366	0	0	3
72	26	0	1.19626047	293.201473	293.201407	293.201257	293.201473	0.000216115193	5.83700461e-05	0	0	0.497845	0	0	3
73	27	0	1.2128752	293.201472	293.201414	293.201278	293.201473	0.000195035373	5.81202588e-05	0	0	0.501285	0	0	3
74	27	0	1.22948993	293.201476	293.20142	293.201301	293.201476	0.000175326529	5.81202588e-05	0	0	0.496744	0	0	3
75	27	0	1.24610466	293.201475	293.201426	293.201314	293.201476	0.00016232477	5.81202588e-05	0	0	0.498593	0	0	3
76	28	0	1.26271938	293.201479	293.201431	293.20133	293.201479	0.000148862726	5.81202588e-05	0	0	0.496927	0	0	3
77	28	0	1.27933411	293.201478	293.201436	293.201341	293.201479	0.000138142967	5.81202588e-05	0	0	0.50027	0	0	3
78	28	0	1.29594884	293.201481	293.20144	293.201355	293.201481	0.000126431281	5.81202588e-05	0	0	0.495824	0	0	3
79	29	0	1.31256357	293.20148	293.201444	293.201367	293.201481	0.000114454008	5.81202588e-05	0	0	0.497489	0	0	3
80	29	0	1.3291783	293.201483	293.201448	293.201379	293.201483	0.000103862428	5.81202588e-05	0	0	0.49574	0	0	3
81	30	0	1.34579303	293.201481	293.201451	293.201385	293.201483	9.75336673e-05	5.81202588e-05	0	0	0.498255	0	0	3
82	30	0	1.36240776	293.201485	293.201455	293.201395	293.201485	8.99448235e-05	5.81202588e-05	0	0	0.49413	0	0	3
83	30	0	1.37902249	293.201483	293.201457	293.201399	293.201485	8.54685799e-05	5.81202588e-05	0	0	0.495309	0	0	3
84	31	0	1.39563721	293.201486	293.20146	293.201406	293.201486	8.0009985e-05	5.81202588e-05	0	0	0.49398	0	0	3
85	31	0	1.41225194	293.201485	293.201463	293.201411	293.201486	7.51585743e-05	5.81202588e-05	0	0	0.496982	0	0	3
86	32	0	1.42886667	293.201488	293.201465	293.20142	293.201488	6.80498509e-05	5.81202588e-05	0	0	0.49268	0	0	3
87	32	0	1.4454814	293.201486	293.201467	293.201425	293.201488	6.32683234e-05	5.81202588e-05	0	0	0.493974	0	0	3
88	33	0	1.46209613	293.201489	293.201469	293.201434	293.201489	5.52225891e-05	5.81202588e-05	0	0	0.492555	0	0	3
89	33	0	1.47871086	293.201488	293.201471	293.201438	293.201489	5.08951271e-05	5.81202588e-05	0	0	0.495765	0	0	3
90	33	0	1.49532559	293.201491	293.201473	293.201444	293.201491	4.67417414e-05	5.81202588e-05	0	0	0.491356	0	0	3
91	34	0	1.51194032	293.201489	293.201474	293.201447	293.201491	4.42257383e-05	5.81202588e-05	0	0	0.492819	0	0	3
92	34	0	1.52855504	293.201493	293.201476	293.201451	293.201493	4.15574148e-05	5.81202588e-05	0	0	0.491389	0	0	3
93	35	0	1.54516977	293.201491	293.201477	293.201451	293.201493	4.14041526e-05	5.81202588e-05	0	0	0.49473	0	0	3
94	35	0	1.5617845	293.201495	293.201478	293.201456	293.201495	3.86322327e-05	5.81202588e-05	0	0	0.490265	0	0	3
95	35	0	1.57839923	293.201493	293.20148	293.201457	293.201495	3.79775411e-05	5.81202588e-05	0	0	0.491775	0	0	3
96	36	0	1.59501396	293.201497	293.201481	293.201461	293.201497	3.54348048e-05	5.81202588e-05	0	0	0.490377	0	0	3
97	36	0	1.61162869	293.201495	293.201482	293.201461	293.201497	3.51774595e-05	5.81202588e-05	0	0	0.493792	0	0	3
98	37	0	1.62824342	293.201499	293.201483	293.201465	293.201499	3.36985396e-05	5.81202588e-05	0	0	0.489342	0	0	3
99	37	0	1.64485815	293.201499	293.201484	293.201465	293.201499	3.36985396e-05	5.81202588e-05	0	0	0.4908	0	0	3
100	38	0	1.66147287	293.201504	293.201486	293.201469	293.201504	3.49877768e-05	5.81202588e-05	0	0	0.489482	0	0	3
101	39	0	1.6780876	293.201504	293.201487	293.201469	293.201504	3.53229158e-05	5.81202588e-05	0	0	0.492887	0	0	3
102	39	0	1.69470233	293.20151	293.201488	293.201472	293.20151	3.81717884e-05	5.81202588e-05	0	0	0.488472	0	0	3
103	40	0	1.71131706	293.201512	293.201489	293.201472	293.201512	4.01001036e-05	5.81202588e-05	0	0	0.489841	0	0	3
104	40	0	1.72793179	293.20152	293.201491	293.201475	293.20152	4.46877068e-05	5.81202588e-05	0	0	0.488628	0	0	3
105	40	0	1.74454652	293.201522	293.201492	293.201475	293.201522	4.69587902e-05	5.81202588e-05	0	0	0.491814	0	0	3
106	41	0	1.76116125	293.201529	293.201494	293.201478	293.201529	5.16373556e-05	5.81202588e-05	0	0	0.487584	0	0	3
107	41	0	1.77777598	293.201532	293.201496	293.201478	293.201532	5.38067277e-05	5.81202588e-05	0	0	0.488927	0	0	3
108	42	0	1.7943907	293.201538	293.201498	293.20148	293.201538	5.74068256e-05	5.81202588e-05	0	0	0.487875	0	0	3
109	42	0	1.81100543	293.201537	293.201499	293.20148	293.201538	5.51964671e-05	5.81202588e-05	0	0	0.491339	0	0	3
110	42	0	1.82762016	293.201538	293.201501	293.201481	293.201538	5.3339291e-05	5.81202588e-05	0	0	0.487024	0	0	3
111	43	0	1.84423489	293.201529	293.201503	293.201481	293.201538	5.15146193e-05	5.81202588e-05	0	0	0.488382	0	0	3
112	43	0	1.86084962	293.201522	293.201504	293.201483	293.201538	4.96014145e-05	5.81202588e-05	0	0	0.487233	0	0	3
113	44	0	1.87746435	293.201508	293.201505	293.201483	293.201538	4.74900581e-05	5.81202588e-05	0	0	0.490715	0	0	3
114	44	0	1.89407908	293.201499	293.201505	293.201485	293.201538	4.51831538e-05	5.81202588e-05	0	0	0.486443	0	0	3
115	44	0	1.91069381	293.201487	293.201505	293.201485	293.201538	4.26580895e-05	5.81202588e-05	0	0	0.487816	0	0	3
116	45	0	1.92730853	293.201481	293.201505	293.201481	293.201538	4.01793852e-05	5.81202588e-05	0	0	0.486733	0	0	3
117	45	0	1.94392326	293.201472	293.201505	293.201472	293.201538	3.80500691e-05	5.81202588e-05	0	0	0.490219	0	0	3
118	46	0	1.96053799	293.201471	293.201504	293.201471	293.201538	3.59790508e-05	5.81202588e-05	0	0	0.485885	0	0	3
119	46	0	1.97715272	293.201466	293.201503	293.201466	293.201538	3.42467776e-05	5.81202588e-05	0	0	0.487873	0	0	3
120	46	0	1.99376745	293.201467	293.201503	293.201466	293.201538	3.25417597e-05	5.81202588e-05	0	0	0.485451	0	0	3
121	47	0	2.01038218	293.201465	293.201502	293.201465	293.201538	3.10939878e-05	5.81202588e-05	0	0	0.486713	0	0	3
122	47	0	2.02699691	293.201467	293.201501	293.201465	293.201538	2.96157105e-05	5.81202588e-05	0	0	0.485934	0	0	3
123	48	0	2.04361164	293.201467	293.2015	293.201465	293.201538	2.83332731e-05	5.81202588e-05	0	0	0.489351	0	0	3
124	48	0	2.06022636	293.201471	293.2015	293.201465	293.201538	2.69384773e-05	5.81202588e-05	0	0	0.486408	0	0	3
125	48	0	2.07684109	293.20147	293.201499	293.201465	293.201538	2.57278815e-05	5.81202588e-05	0	0	0.484038	0	0	3
126	49	0	2.09345582	293.201475	293.201498	293.201465	293.201538	2.44347376e-05	5.81202588e-05	0	0	0.486245	0	0	3
127	49	0	2.11007055	293.201473	293.201498	293.201465	293.201538	2.33458018e-05	5.81202588e-05	0	0	0.484529	0	0	3
128	50	0	2.12668528	293.201478	293.201497	293.201465	293.201538	2.21301467e-05	5.81202588e-05	0	0	0.487106	0	0	3
129	50	0	2.14330001	293.201475	293.201496	293.201465	293.201538	2.10845128e-05	5.81202588e-05	0	0	0.485354	0	0	3
130	50	0	2.15991474	293.201477	293.201496	293.201465	293.201538	1.98395715e-05	5.81202588e-05	0	0	0.486602	0	0	3
131	51	0	2.17652947	293.201472	293.201495	293.201465	293.201538	1.87223924e-05	5.81202588e-05	0	0	0.488041	0	0	3
132	51	0	2.19314419	293.201473	293.201494	293.201465	293.201538	1.73915131e-05	5.81202588e-05	0	0	0.487309	0	0	3
133	51	0	2.20975892	293.201468	293.201492	293.201465	293.201538	1.61240458e-05	5.81202588e-05	0	0	0.488152	0	0	3
134	52	0	2.22637365	293.201468	293.201491	293.201465	293.201538	1.45944621e-05	5.81202588e-05	0	0	0.486917	0	0	3
135	52	0	2.24298838	293.201463	293.201489	293.201463	293.201538	1.64132574e-05	5.81202588e-05	0	0	0.487797	0	0	3
136	53	0	2.25960311	293.201466	293.201487	293.201463	293.201538	1.82315016e-05	5.81202588e-05	0	0	0.486695	0	0	3
137	53	0	2.27621784	293.201463	293.201485	293.201463	293.201538	2.03890414e-05	5.81202588e-05	0	0	0.488991	0	0	3
138	53	0	2.29283257	293.201466	293.201483	293.201463	293.201538	2.25099793e-05	5.81202588e-05	0	0	0.485997	0	0	3
139	54	0	2.3094473	293.201464	293.20148	293.201463	293.201538	2.48890871e-05	5.81202588e-05	0	0	0.486965	0	0	3
140	54	0	2.32606202	293.201469	293.201478	293.201463	293.201538	2.70959623e-05	5.81202588e-05	0	0	0.486023	0	0	3
141	55	0	2.34267675	293.201468	293.201476	293.201463	293.201529	2.93433752e-05	5.81202588e-05	0	0	0.486638	0	0	3
142	55	0	2.35929148	293.201473	293.201474	293.201463	293.201522	3.1136921e-05	5.81202588e-05	0	0	0.486229	0	0	3
143	55	0	2.37590621	293.201472	293.201473	293.201463	293.201508	3.27232997e-05	5.81202588e-05	0	0	0.486987	0	0	3
144	56	0	2.39252094	293.201478	293.201472	293.201463	293.201499	3.36861804e-05	5.81202588e-05	0	0	0.485912	0	0	3
145	56	0	2.40913567	293.201476	293.201471	293.201463	293.201487	2.40897671e-05	5.81202588e-05	0	0	0.487063	0	0	3
146	56	0	2.4257504	293.20148	293.201471	293.201463	293.201481	1.84520369e-05	5.81202588e-05	0	0	0.485336	0	0	3
147	57	0	2.44236513	293.201477	293.201471	293.201463	293.20148	1.75649674e-05	5.81202588e-05	0	0	0.487014	0	0	3
148	57	0	2.45897985	293.201479	293.201471	293.201463	293.20148	1.75649674e-05	5.81202588e-05	0	0	0.486149	0	0	3
149	58	0	2.47559458	293.201474	293.201471	293.201463	293.20148	1.75649674e-05	5.81202588e-05	0	0	0.486659	0	0	3
150	58	0	2.49220931	293.201475	293.201471	293.201463	293.20148	1.75649674e-05	5.81202588e-05	0	0	0.48586	0	0	3
151	58	0	2.50882404	293.20147	293.201471	293.201463	293.20148	1.75649674e-05	5.81202588e-05	0	0	0.486757	0	0	3
152	59	0	2.52543877	293.201471	293.201472	293.201463	293.20148	1.75649674e-05	5.81202588e-05	0	0	0.485451	0	0	3
153	59	0	2.5420535	293.201467	293.201472	293.201463	293.20148	1.75649674e-05	5.81202588e-05	0	0	0.486455	0	0	3
154	59	0	2.55866823	293.20147	293.201472	293.201463	293.20148	1.75649674e-05	5.81202588e-05	0	0	0.485008	0	0	3
155	60	0	2.57528296	293.201467	293.201472	293.201463	293.20148	1.75649674e-05	5.81202588e-05	0	0	0.487548	0	0	3
156	60	0	2.59189768	293.201471	293.201472	293.201463	293.20148	1.75649674e-05	5.81202588e-05	0	0	0.484343	0	0	3
157	61	0	2.60851241	293.201469	293.201471	293.201463	293.20148	1.75649674e-05	5.81202588e-05	0	0	0.487288	0	0	3
158	61	0	2.62512714	293.201474	293.201471	293.201463	293.20148	1.75649674e-05	5.81202588e-05	0	0	0.484263	0	0	3
159	61	0	2.64174187	293.201472	293.201471	293.201463	293.20148	1.75649674e-05	5.81202588e-05	0	0	0.485335	0	0	3
160	62	0	2.6583566	293.201477	293.201471	293.201463	293.20148	1.75649674e-05	5.81202588e-05	0	0	0.484361	0	0	3
161	62	0	2.67497133	293.201476	293.201471	293.201463	293.20148	1.75649674e-05	5.81202588e-05	0	0	0.485981	0	0	3
162	62	0	2.69158606	293.20148	293.201471	293.201463	293.20148	1.75649674e-05	5.81202588e-05	0	0	0.484382	0	0	3
163	63	0	2.70820079	293.201478	293.201472	293.201463	293.20148	1.75649674e-05	5.81202588e-05	0	0	0.487215	0	0	3
164	63	0	2.72481551	293.201482	293.201472	293.201463	293.201482	1.9449839e-05	5.81202588e-05	0	0	0.483932	0	0	3
165	64	0	2.74143024	293.201479	293.201472	293.201463	293.201482	1.8356535e-05	5.81202588e-05	0	0	0.487011	0	0	3
166	64	0	2.75804497	293.201482	293.201473	293.201463	293.201482	1.65382907e-05	5.81202588e-05	0	0	0.484116	0	0	3
167	64	0	2.7746597	293.201478	293.201473	293.201463	293.201482	1.43807509e-05	5.81202588e-05	0	0	0.485707	0	0	3
168	65	0	2.79127443	293.201482	293.201474	293.201464	293.201482	1.2259813e-05	5.81202588e-05	0	0	0.484015	0	0	3
169	65	0	2.80788916	293.201477	293.201474	293.201464	293.201482	9.88070519e-06	5.81202588e-05	0	0	0.487278	0	0	3
170	65	0	2.82450389	293.20148	293.201475	293.201467	293.201482	7.67383005e-06	5.81202588e-05	0	0	0.483851	0	0	3
171	66	0	2.84111862	293.201476	293.201475	293.201467	293.201482	5.42641715e-06	5.81202588e-05	0	0	0.485722	0	0	3
172	66	0	2.85773334	293.20148	293.201476	293.201467	293.201482	4.98961788e-06	5.81202588e-05	0	0	0.483978	0	0	3
173	67	0	2.87434807	293.201476	293.201476	293.201467	293.201482	5.08533782e-06	5.81202588e-05	0	0	0.487184	0	0	3
174	67	0	2.8909628	293.201479	293.201476	293.201467	293.201482	5.29906498e-06	5.81202588e-05	0	0	0.483865	0	0	3
175	67	0	2.90757753	293.201476	293.201476	293.201467	293.201482	5.29906498e-06	5.81202588e-05	0	0	0.485608	0	0	3
176	68	0	2.92419226	293.20148	293.201476	293.201467	293.201482	5.35599372e-06	5.81202588e-05	0	0	0.483977	0	0	3
177	68	0	2.94080699	293.201477	293.201476	293.201467	293.201482	5.35599372e-06	5.81202588e-05	0	0	0.487107	0	0	3
178	68	0	2.95742172	293.201481	293.201476	293.201467	293.201482	5.17655758e-06	5.81202588e-05	0	0	0.483869	0	0	3
179	69	0	2.97403645	293.201478	293.201476	293.201467	293.201482	5.06164446e-06	5.81202588e-05	0	0	0.485641	0	0	3
180	69	0	2.99065117	293.201482	293.201476	293.201467	293.201482	5.0167348e-06	5.81202588e-05	0	0	0.48402	0	0	3
181	69	0	3.0072659	293.201479	293.201476	293.201467	293.201482	5.14147933e-06	5.81202588e-05	0	0	0.487139	0	0	3
182	70	0	3.02388063	293.201481	293.201477	293.201467	293.201482	5.51712645e-06	5.81202588e-05	0	0	0.483805	0	0	3
183	70	0	3.04049536	293.201478	293.201477	293.201467	293.201482	5.73134389e-06	5.81202588e-05	0	0	0.487081	0	0	3
184	71	0	3.05711009	293.20148	293.201477	293.201467	293.201482	6.14587947e-06	5.81202588e-05	0	0	0.48423	0	0	3
185	71	0	3.07372482	293.201477	293.201478	293.201467	293.201482	6.36107501e-06	5.81202588e-05	0	0	0.485978	0	0	3
186	71	0	3.09033955	293.201479	293.201478	293.201469	293.201482	6.74708258e-06	5.81202588e-05	0	0	0.483952	0	0	3
187	72	0	3.10695428	293.201476	293.201478	293.201469	293.201482	6.90308781e-06	5.81202588e-05	0	0	0.487723	0	0	3
188	72	0	3.123569	293.201479	293.201478	293.201472	293.201482	7.19766172e-06	5.81202588e-05	0	0	0.484319	0	0	3
189	72	0	3.14018373	293.201475	293.201478	293.201472	293.201482	7.24504605e-06	5.81202588e-05	0	0	0.487821	0	0	3
190	73	0	3.15679846	293.201477	293.201479	293.201475	293.201482	6.77223215e-06	5.81202588e-05	0	0	0.484432	0	0	3
191	73	0	3.17341319	293.201474	293.201479	293.201474	293.201482	7.36679209e-06	5.81202588e-05	0	0	0.486818	0	0	3
192	74	0	3.19002792	293.201476	293.201479	293.201474	293.201482	7.11988895e-06	5.81202588e-05	0	0	0.484831	0	0	3
193	74	0	3.20664265	293.201473	293.201478	293.201473	293.201482	6.95345261e-06	5.81202588e-05	0	0	0.488457	0	0	3
194	74	0	3.22325738	293.201475	293.201478	293.201473	293.201482	6.50415569e-06	5.81202588e-05	0	0	0.4849	0	0	3
195	75	0	3.23987211	293.201472	293.201478	293.201472	293.201482	6.14997248e-06	5.81202588e-05	0	0	0.48857	0	0	3
196	75	0	3.25648683	293.201474	293.201478	293.201472	293.201482	5.54443449e-06	5.81202588e-05	0	0	0.485452	0	0	3
197	76	0	3.27310156	293.201471	293.201477	293.201471	293.201482	5.12601753e-06	5.81202588e-05	0	0	0.487337	0	0	3
198	76	0	3.28971629	293.201473	293.201477	293.201471	293.201482	4.51318112e-06	5.81202588e-05	0	0	0.485214	0	0	3
199	76	0	3.30633102	293.20147	293.201477	293.20147	293.201482	4.13760068e-06	5.81202588e-05	0	0	0.489124	0	0	3
200	77	0	3.32294575	293.201473	293.201477	293.20147	293.201482	3.61958121e-06	5.81202588e-05	0	0	0.48534	0	0	3
201	78	0	3.33956048	293.201471	293.201476	293.20147	293.201482	3.38832876e-06	5.81202588e-05	0	0	0.488901	0	0	3
202	79	0	3.35617521	293.201474	293.201476	293.20147	293.201482	3.01490951e-06	5.81202588e-05	0	0	0.485294	0	0	3
203	79	0	3.37278994	293.201471	293.201476	293.20147	293.201482	2.91918957e-06	5.81202588e-05	0	0	0.487577	0	0	3
204	79	0	3.38940466	293.201473	293.201476	293.20147	293.201482	2.76077685e-06	5.81202588e-05	0	0	0.485363	0	0	3
205	80	0	3.40601939	293.201471	293.201476	293.20147	293.201482	3.013048e-06	5.81202588e-05	0	0	0.488741	0	0	3
206	80	0	3.42263412	293.201473	293.201476	293.20147	293.201482	3.10432671e-06	5.81202588e-05	0	0	0.48497	0	0	3
207	81	0	3.43924885	293.20147	293.201475	293.20147	293.201482	3.42222177e-06	5.81202588e-05	0	0	0.488349	0	0	3
208	81	0	3.45586358	293.201472	293.201475	293.20147	293.201482	3.57529251e-06	5.81202588e-05	0	0	0.485108	0	0	3
209	81	0	3.47247831	293.201469	293.201475	293.201469	293.201482	3.96980545e-06	5.81202588e-05	0	0	0.486734	0	0	3
210	82	0	3.48909304	293.201471	293.201474	293.201469	293.201482	4.20140219e-06	5.81202588e-05	0	0	0.484473	0	0	3
211	82	0	3.50570777	293.201468	293.201474	293.201468	293.201481	4.64534332e-06	5.81202588e-05	0	0	0.488265	0	0	3
212	82	0	3.52232249	293.201471	293.201474	293.201468	293.201481	4.8813535e-06	5.81202588e-05	0	0	0.484093	0	0	3
213	83	0	3.53893722	293.201469	293.201473	293.201468	293.20148	5.27868912e-06	5.81202588e-05	0	0	0.488003	0	0	3
