Iteration	CPUTime	PhysTime	Travels	Value	AvValue	MinValue	MaxValue	Delta	Criteria	Progress	dGMaxMin	CriteriaType	CriteriaVarType	CriteriaPercentage
1	2	0	0.0166924666	0	0	0	0	0	0	0	0	0	0	0	3
2	3	0	0.0333849331	0	0	0	0	0	0	0	0	0	0	0	3
3	3	0	0.0500773997	0	0	0	0	0	0	0	0	0	0	0	3
4	3	0	0.0667698662	0	0	0	0	0	0	0	0	0	0	0	3
5	4	0	0.0834623328	0	0	0	0	0	0	0	0	0	0	0	3
6	4	0	0.100154799	0	0	0	0	0	0	0	0	0	0	0	3
7	4	0	0.116847266	0	0	0	0	0	0	0	0	0	0	0	3
8	4	0	0.133539732	0	0	0	0	0	0	0	0	0	0	0	3
9	5	0	0.150232199	0	0	0	0	0	0	0	0	0	0	0	3
10	5	0	0.166924666	0	0	0	0	0	0	0	0	0	0	0	3
11	5	0	0.183617132	0	0	0	0	0	0	0	0	0	0	0	3
12	6	0	0.200309599	0	0	0	0	0	0	0	0	0	0	0	3
13	6	0	0.217002065	0	0	0	0	0	0	0	0	0	0	0	3
14	6	0	0.233694532	0	0	0	0	0	0	0	0	0	0	0	3
15	6	0	0.250386998	0	0	0	0	0	0	0	0	0	0	0	3
16	7	0	0.267079465	0	0	0	0	0	0	0	0	0	0	0	3
17	7	0	0.283771931	0	0	0	0	0	0	0	0	0	0	0	3
18	7	0	0.300464398	0	0	0	0	0	0	0	0	0	0	0	3
19	8	0	0.317156865	0	0	0	0	0	0	0	0	0	0	0	3
20	8	0	0.333849331	0	0	0	0	0	0	0	0	0	0	0	3
21	8	0	0.350541798	0	0	0	0	0	0	0	0	0	0	0	3
22	8	0	0.367234264	0	0	0	0	0	0	0	0	0	0	0	3
23	9	0	0.383926731	0	0	0	0	0	0	0	0	0	0	0	3
24	9	0	0.400619197	0	0	0	0	0	0	0	0	0	0	0	3
25	9	0	0.417311664	0	0	0	0	0	0	0	0	0	0	0	3
26	10	0	0.434004131	0	0	0	0	0	0	0	0	0	0	0	3
27	10	0	0.450696597	0	0	0	0	0	0	0	0	0	0	0	3
28	10	0	0.467389064	0	0	0	0	0	0	0	0	0	0	0	3
29	10	0	0.48408153	0	0	0	0	0	0	0	0	0	0	0	3
30	11	0	0.500773997	0	0	0	0	0	0	0	0	0	0	0	3
31	11	0	0.517466463	0	0	0	0	0	0	0	0	0	0	0	3
32	11	0	0.53415893	0	0	0	0	0	0	0	0	0	0	0	3
33	12	0	0.550851396	0	0	0	0	0	0	0	0	0	0	0	3
34	12	0	0.567543863	0	0	0	0	0	0	0	0	0	0	0	3
35	12	0	0.58423633	0	0	0	0	0	0	0	0	0	0	0	3
36	13	0	0.600928796	0	0	0	0	0	0	0	0	0	0	0	3
37	13	0	0.617621263	0	0	0	0	0	0	0	0	0	0	0	3
38	13	0	0.634313729	0	0	0	0	0	0	0	0	0	0	0	3
39	13	0	0.651006196	0	0	0	0	0	0	0	0	0	0	0	3
40	14	0	0.667698662	0	0	0	0	0	0	0	0	0	0	0	3
41	14	0	0.684391129	0	0	0	0	0	0	0	0	0	0	0	3
42	14	0	0.701083595	0	0	0	0	0	0	0	0	0	0	0	3
43	15	0	0.717776062	0	0	0	0	0	0	0	0	0	0	0	3
44	15	0	0.734468529	0	0	0	0	0	0	0	0	0	0	0	3
45	15	0	0.751160995	0	0	0	0	0	0	0	0	0	0	0	3
46	16	0	0.767853462	0	0	0	0	0	0	0	0	0	0	0	3
47	16	0	0.784545928	0	0	0	0	0	0	0	0	0	0	0	3
48	16	0	0.801238395	0	0	0	0	0	0	0	0	0	0	0	3
49	16	0	0.817930861	0	0	0	0	0	0	0	0	0	0	0	3
50	17	0	0.834623328	0	0	0	0	0	0	0	0	0	0	0	3
51	17	0	0.851315794	0	0	0	0	0	0	0	0	0	0	0	3
52	17	0	0.868008261	0	0	0	0	0	0	0	0	0	0	0	3
53	18	0	0.884700728	0	0	0	0	0	0	0	0	0	0	0	3
54	18	0	0.901393194	0	0	0	0	0	0	0	0	0	0	0	3
55	18	0	0.918085661	0	0	0	0	0	0	0	0	0	0	0	3
56	19	0	0.934778127	0	0	0	0	0	0	0	0	0	0	0	3
57	19	0	0.951470594	0	0	0	0	0	0	0	0	0	0	0	3
58	19	0	0.96816306	0	0	0	0	0	0	0	0	0	0	0	3
59	20	0	0.984855527	0	0	0	0	0	0	0	0	0	0	0	3
60	20	0	1.00154799	0	0	0	0	0	5e-06	0	0	0	0	0	3
61	20	0	1.01824046	0	0	0	0	0	5e-06	0	0	0	0	0	3
62	21	0	1.03493293	0	0	0	0	0	5e-06	0	0	0	0	0	3
63	21	0	1.05162539	0	0	0	0	0	5e-06	0	0	0	0	0	3
64	21	0	1.06831786	0	0	0	0	0	5e-06	0	0	0	0	0	3
65	22	0	1.08501033	0	0	0	0	0	5e-06	0	0	0	0	0	3
66	22	0	1.10170279	0	0	0	0	0	5e-06	0	0	0	0	0	3
67	22	0	1.11839526	0	0	0	0	0	5e-06	0	0	0	0	0	3
68	23	0	1.13508773	0	0	0	0	0	5e-06	0	0	0	0	0	3
69	23	0	1.15178019	0	0	0	0	0	5e-06	0	0	0	0	0	3
70	23	0	1.16847266	0	0	0	0	0	5e-06	0	0	0	0	0	3
71	24	0	1.18516513	0	0	0	0	0	5e-06	0	0	0	0	0	3
72	24	0	1.20185759	0	0	0	0	0	5e-06	0	0	0	0	0	3
73	24	0	1.21855006	0	0	0	0	0	5e-06	0	0	0	0	0	3
74	25	0	1.23524253	0	0	0	0	0	5e-06	0	0	0	0	0	3
75	25	0	1.25193499	0	0	0	0	0	5e-06	0	0	0	0	0	3
76	25	0	1.26862746	0	0	0	0	0	5e-06	0	0	0	0	0	3
77	26	0	1.28531992	0	0	0	0	0	5e-06	0	0	0	0	0	3
78	26	0	1.30201239	0	0	0	0	0	5e-06	0	0	0	0	0	3
79	26	0	1.31870486	0	0	0	0	0	5e-06	0	0	0	0	0	3
80	27	0	1.33539732	0	0	0	0	0	5e-06	0	0	0	0	0	3
81	27	0	1.35208979	0	0	0	0	0	5e-06	0	0	0	0	0	3
82	28	0	1.36878226	0	0	0	0	0	5e-06	0	0	0	0	0	3
83	28	0	1.38547472	0	0	0	0	0	5e-06	0	0	0	0	0	3
84	28	0	1.40216719	0	0	0	0	0	5e-06	0	0	0	0	0	3
85	29	0	1.41885966	0	0	0	0	0	5e-06	0	0	0	0	0	3
86	29	0	1.43555212	0	0	0	0	0	5e-06	0	0	0	0	0	3
87	29	0	1.45224459	0	0	0	0	0	5e-06	0	0	0	0	0	3
88	30	0	1.46893706	0	0	0	0	0	5e-06	0	0	0	0	0	3
89	30	0	1.48562952	0	0	0	0	0	5e-06	0	0	0	0	0	3
90	30	0	1.50232199	0	0	0	0	0	5e-06	0	0	0	0	0	3
91	31	0	1.51901446	0	0	0	0	0	5e-06	0	0	0	0	0	3
92	31	0	1.53570692	0	0	0	0	0	5e-06	0	0	0	0	0	3
93	31	0	1.55239939	0	0	0	0	0	5e-06	0	0	0	0	0	3
94	32	0	1.56909186	0	0	0	0	0	5e-06	0	0	0	0	0	3
95	32	0	1.58578432	0	0	0	0	0	5e-06	0	0	0	0	0	3
96	32	0	1.60247679	0	0	0	0	0	5e-06	0	0	0	0	0	3
97	33	0	1.61916926	0	0	0	0	0	5e-06	0	0	0	0	0	3
98	33	0	1.63586172	0	0	0	0	0	5e-06	0	0	0	0	0	3
99	34	0	1.65255419	0	0	0	0	0	5e-06	0	0	0	0	0	3
100	34	0	1.66924666	0	0	0	0	0	5e-06	0	0	0	0	0	3
101	35	0	1.68593912	0	0	0	0	0	5e-06	0	0	0	0	0	3
102	36	0	1.70263159	0	0	0	0	0	5e-06	0	0	0	0	0	3
103	36	0	1.71932406	0	0	0	0	0	5e-06	0	0	0	0	0	3
104	36	0	1.73601652	0	0	0	0	0	5e-06	0	0	0	0	0	3
105	37	0	1.75270899	0	0	0	0	0	5e-06	0	0	0	0	0	3
106	37	0	1.76940146	0	0	0	0	0	5e-06	0	0	0	0	0	3
107	37	0	1.78609392	0	0	0	0	0	5e-06	0	0	0	0	0	3
108	38	0	1.80278639	0	0	0	0	0	5e-06	0	0	0	0	0	3
109	38	0	1.81947885	0	0	0	0	0	5e-06	0	0	0	0	0	3
110	38	0	1.83617132	0	0	0	0	0	5e-06	0	0	0	0	0	3
111	39	0	1.85286379	0	0	0	0	0	5e-06	0	0	0	0	0	3
112	39	0	1.86955625	0	0	0	0	0	5e-06	0	0	0	0	0	3
113	39	0	1.88624872	0	0	0	0	0	5e-06	0	0	0	0	0	3
114	40	0	1.90294119	0	0	0	0	0	5e-06	0	0	0	0	0	3
115	40	0	1.91963365	0	0	0	0	0	5e-06	0	0	0	0	0	3
116	40	0	1.93632612	0	0	0	0	0	5e-06	0	0	0	0	0	3
117	41	0	1.95301859	0	0	0	0	0	5e-06	0	0	0	0	0	3
118	41	0	1.96971105	0	0	0	0	0	5e-06	0	0	0	0	0	3
119	41	0	1.98640352	0	0	0	0	0	5e-06	0	0	0	0	0	3
