Iteration	CPUTime	PhysTime	Travels	Value	AvValue	MinValue	MaxValue	Delta	Criteria	Progress	dGMaxMin	CriteriaType	CriteriaVarType	CriteriaPercentage
1	3	0	0.0163529335	-1404269.14	-1404269.14	-1404269.14	-1404269.14	0	0	0	0	1.45694e+07	0	0	3
2	3	0	0.0327058671	-114855.673	-759562.408	-1404269.14	-114855.673	644706.735	0	0	0	1.65642e+07	0	0	3
3	3	0	0.0490588006	262677.875	-418815.647	-1404269.14	262677.875	985453.497	0	0	0	1.30335e+07	0	0	3
4	4	0	0.0654117341	398272.521	-214543.605	-1404269.14	398272.521	1189725.54	0	0	0	8.74603e+06	0	0	3
5	4	0	0.0817646676	344023.342	-102830.216	-1404269.14	398272.521	1301438.93	0	0	0	6.21231e+06	0	0	3
6	5	0	0.0981176012	337896.434	-29375.7741	-1404269.14	398272.521	1374893.37	0	0	0	4.55449e+06	0	0	3
7	5	0	0.114470535	325128.821	21267.7395	-1404269.14	398272.521	1425536.88	0	0	0	4.11308e+06	0	0	3
8	5	0	0.130823468	315903.421	58097.1997	-1404269.14	398272.521	1462366.34	0	0	0	4.10421e+06	0	0	3
9	5	0	0.147176402	311841.717	86291.035	-1404269.14	398272.521	1490560.18	0	0	0	4.24866e+06	0	0	3
10	6	0	0.163529335	310673.098	108729.241	-1404269.14	398272.521	1512998.39	0	0	0	4.39414e+06	0	0	3
11	6	0	0.179882269	301206.404	126227.165	-1404269.14	398272.521	1530496.31	0	0	0	4.41267e+06	0	0	3
12	6	0	0.196235202	292518.153	140084.747	-1404269.14	398272.521	1544353.89	0	0	0	4.38426e+06	0	0	3
13	7	0	0.212588136	290799.822	151678.215	-1404269.14	398272.521	1555947.36	0	0	0	4.31495e+06	0	0	3
14	7	0	0.228941069	282300.189	161008.356	-1404269.14	398272.521	1565277.5	0	0	0	4.17015e+06	0	0	3
15	7	0	0.245294003	282519.964	169109.13	-1404269.14	398272.521	1573378.27	0	0	0	3.886e+06	0	0	3
16	8	0	0.261646936	273856.708	175655.853	-1404269.14	398272.521	1579925	0	0	0	3.68993e+06	0	0	3
17	8	0	0.27799987	271001.626	181264.428	-1404269.14	398272.521	1585533.57	0	0	0	3.52803e+06	0	0	3
18	8	0	0.294352804	267194.138	186038.301	-1404269.14	398272.521	1590307.44	0	0	0	3.44735e+06	0	0	3
19	8	0	0.310705737	267843.335	190343.829	-1404269.14	398272.521	1594612.97	0	0	0	3.42919e+06	0	0	3
20	9	0	0.327058671	265153.721	194084.324	-1404269.14	398272.521	1598353.47	0	0	0	3.41983e+06	0	0	3
21	9	0	0.343411604	268369.775	197621.726	-1404269.14	398272.521	1601890.87	0	0	0	3.42158e+06	0	0	3
22	9	0	0.359764538	267326.689	200790.134	-1404269.14	398272.521	1605059.28	0	0	0	3.42166e+06	0	0	3
23	10	0	0.376117471	268947.058	203753.478	-1404269.14	398272.521	1608022.62	0	0	0	3.42855e+06	0	0	3
24	10	0	0.392470405	266916.962	206385.29	-1404269.14	398272.521	1610654.43	0	0	0	3.4413e+06	0	0	3
25	10	0	0.408823338	268659.209	208876.247	-1404269.14	398272.521	1613145.39	0	0	0	3.4382e+06	0	0	3
26	11	0	0.425176272	265274.536	211045.412	-1404269.14	398272.521	1615314.56	0	0	0	3.43359e+06	0	0	3
27	11	0	0.441529205	264704.822	213032.797	-1404269.14	398272.521	1617301.94	0	0	0	3.43305e+06	0	0	3
28	11	0	0.457882139	263252.605	214826.362	-1404269.14	398272.521	1619095.51	0	0	0	3.43089e+06	0	0	3
29	12	0	0.474235072	263096.362	216490.845	-1404269.14	398272.521	1620759.99	0	0	0	3.42808e+06	0	0	3
30	12	0	0.490588006	262014.747	218008.308	-1404269.14	398272.521	1622277.45	0	0	0	3.41453e+06	0	0	3
31	12	0	0.506940939	260553.149	219380.722	-1404269.14	398272.521	1623649.87	0	0	0	3.40871e+06	0	0	3
32	12	0	0.523293873	258721.141	273025.57	-114855.673	398272.521	513128.194	0	0	0	3.39916e+06	0	0	3
33	13	0	0.539646806	256796.713	285014.357	256796.713	398272.521	141475.808	0	0	0	3.39518e+06	0	0	3
34	13	0	0.55599974	256066.804	284801.096	256066.804	398272.521	142205.717	0	0	0	3.39306e+06	0	0	3
35	13	0	0.572352673	255656.837	280200.59	255656.837	344023.342	88366.5056	0	0	0	3.40131e+06	0	0	3
36	14	0	0.588705607	252665.022	277253.548	252665.022	337896.434	85231.4129	0	0	0	3.39641e+06	0	0	3
37	14	0	0.605058541	251624.696	274470.589	251624.696	325128.821	73504.125	0	0	0	3.4036e+06	0	0	3
38	14	0	0.621411474	249790.007	272040.304	249790.007	315903.421	66113.4138	0	0	0	3.39928e+06	0	0	3
39	15	0	0.637764408	248490.049	269865.679	248490.049	311841.717	63351.6682	0	0	0	3.40719e+06	0	0	3
40	15	0	0.654117341	247058.72	267775.905	247058.72	310673.098	63614.3781	0	0	0	3.40456e+06	0	0	3
41	15	0	0.670470275	247495.309	265737.912	247058.72	301206.404	54147.6835	0	0	0	3.40811e+06	0	0	3
42	16	0	0.686823208	247324.342	263999.781	247058.72	292518.153	45459.4328	0	0	0	3.40419e+06	0	0	3
43	16	0	0.703176142	247565.858	262549.707	247058.72	290799.822	43741.1021	0	0	0	3.40643e+06	0	0	3
44	16	0	0.719529075	247513.941	261153.388	247058.72	282519.964	35461.2436	0	0	0	3.40387e+06	0	0	3
45	17	0	0.735882009	246249.085	259990.449	246249.085	282519.964	36270.8793	0	0	0	3.40612e+06	0	0	3
46	17	0	0.752234942	244547.464	258765.53	244547.464	273856.708	29309.2442	0	0	0	3.40215e+06	0	0	3
47	17	0	0.768587876	244428.287	257816.226	244428.287	271001.626	26573.3393	0	0	0	3.40432e+06	0	0	3
48	18	0	0.784940809	243647.983	256933.85	243647.983	268947.058	25299.0747	0	0	0	3.39955e+06	0	0	3
49	18	0	0.801293743	243846.508	256180.701	243647.983	268947.058	25299.0747	0	0	0	3.39938e+06	0	0	3
50	18	0	0.817646676	242855.475	255374.641	242855.475	268947.058	26091.583	0	0	0	3.3949e+06	0	0	3
51	19	0	0.83399961	242383.508	254640.118	242383.508	268947.058	26563.5494	0	0	0	3.39437e+06	0	0	3
52	19	0	0.850352543	242008.575	253789.757	242008.575	268947.058	26938.4828	0	0	0	3.38993e+06	0	0	3
53	19	0	0.866705477	242340.961	252983.766	242008.575	268947.058	26938.4828	0	0	0	3.39273e+06	0	0	3
54	19	0	0.883058411	242087.527	252117.329	242008.575	268659.209	26650.6347	0	0	0	3.39358e+06	0	0	3
55	20	0	0.899411344	240961.319	251280.05	240961.319	268659.209	27697.8902	0	0	0	3.39614e+06	0	0	3
56	20	0	0.915764278	239819.193	250349.727	239819.193	265274.536	25455.3428	0	0	0	3.39553e+06	0	0	3
57	20	0	0.932117211	239591.564	249521.244	239591.564	264704.822	25113.258	0	0	0	3.399e+06	0	0	3
58	21	0	0.948470145	239403.567	248705.075	239403.567	263252.605	23849.0379	0	0	0	3.39714e+06	0	0	3
59	21	0	0.964823078	238728.551	247913.976	238728.551	263096.362	24367.8103	0	0	0	3.39927e+06	0	0	3
60	21	0	0.981176012	239317.934	247146.93	238728.551	262014.747	23286.1956	0	0	0	3.39705e+06	0	0	3
61	22	0	0.997528945	239638.909	246425.129	238728.551	260553.149	21824.5974	0	0	0	3.39796e+06	0	0	3
62	22	0	1.01388188	239289.171	245739.194	238728.551	258721.141	19992.5901	4786.31908	0	23.9	3.39185e+06	0	0	3
63	22	0	1.03023481	239591.981	245122.124	238728.551	256796.713	18068.1612	4786.31908	0	26.4	3.39201e+06	0	0	3
64	23	0	1.04658775	240461.881	244595.194	238728.551	256066.804	17338.2522	4786.31908	0	27.6	3.38813e+06	0	0	3
65	23	0	1.06294068	240618.024	244096.847	238728.551	255656.837	16928.2855	4786.31908	0	28.2	3.38986e+06	0	0	3
66	23	0	1.07929361	240436.46	243605.867	238728.551	252665.022	13936.4702	4786.31908	0	34.3	3.3845e+06	0	0	3
67	24	0	1.09564655	240597.513	243216.592	238728.551	251624.696	12896.1451	4786.31908	0	37.1	3.3873e+06	0	0	3
68	24	0	1.11199948	239458.113	242824.122	238728.551	249790.007	11061.4557	4786.31908	0	43.2	3.38321e+06	0	0	3
69	24	0	1.12835241	239322.388	242486.457	238728.551	248490.049	9761.49737	4786.31908	0	49	3.38307e+06	0	0	3
70	25	0	1.14470535	239773.614	242205.281	238728.551	247565.858	8837.3068	4786.31908	0	54.1	3.37773e+06	0	0	3
71	25	0	1.16105828	239872.571	241973.47	238728.551	247565.858	8837.3068	4786.31908	0	54.1	3.37703e+06	0	0	3
72	26	0	1.17741121	239808.6	241725.512	238728.551	247565.858	8837.3068	4786.31908	0	54.1	3.36979e+06	0	0	3
73	26	0	1.19376415	240596.546	241508.486	238728.551	247565.858	8837.3068	4786.31908	0	54.1	3.36751e+06	0	0	3
74	26	0	1.21011708	240188.072	241270.493	238728.551	247513.941	8785.38944	4786.31908	0	54.4	3.35975e+06	0	0	3
75	27	0	1.22647001	240017.727	241028.68	238728.551	246249.085	7520.53322	4786.31908	0	63.6	3.36007e+06	0	0	3
76	27	0	1.24282295	238176.37	240768.27	238176.37	244547.464	6371.09362	4786.31908	0	75.1	3.35388e+06	0	0	3
77	27	0	1.25917588	237335.047	240535.611	237335.047	244428.287	7093.23935	4786.31908	0	67.4	3.35986e+06	0	0	3
78	28	0	1.27552882	237710.518	240318.909	237335.047	243846.508	6511.46029	4786.31908	0	73.5	3.35766e+06	0	0	3
79	28	0	1.29188175	238206.965	240143.392	237335.047	243846.508	6511.46029	4786.31908	0	73.5	3.36058e+06	0	0	3
80	28	0	1.30823468	237422.09	239936.153	237335.047	242855.475	5520.42716	4786.31908	0	86.7	3.35755e+06	0	0	3
81	29	0	1.32458762	237659.272	239768.533	237335.047	242383.508	5048.46078	4786.31908	0	94.8	3.35878e+06	0	0	3
82	29	0	1.34094055	238872.481	239655.274	237335.047	242340.961	5005.91401	4786.31908	0	95.6	3.35518e+06	0	0	3
83	30	0	1.35729348	239658.734	239579.473	237335.047	242340.961	5005.91401	4786.31908	0	95.6	3.35586e+06	0	0	3
84	30	0	1.37364642	239594.691	239490.884	237335.047	242087.527	4752.47961	4786.31908	0	100	3.35052e+06	0	0	3
85	30	0	1.38999935	241056.689	239457.631	237335.047	241056.689	3721.64186	4786.31908	0	100	3.35271e+06	0	0	3
86	31	0	1.40635228	241316.999	239469.104	237335.047	241316.999	3981.95116	4786.31908	0	100	3.349e+06	0	0	3
87	31	0	1.42270522	241060.249	239509.138	237335.047	241316.999	3981.95116	4786.31908	0	100	3.35107e+06	0	0	3
88	31	0	1.43905815	240557.334	239540.292	237335.047	241316.999	3981.95116	4786.31908	0	100	3.34817e+06	0	0	3
89	32	0	1.45541108	240358.524	239571.097	237335.047	241316.999	3981.95116	4786.31908	0	100	3.35195e+06	0	0	3
90	32	0	1.47176402	241975.364	239675.833	237335.047	241975.364	4640.31674	4786.31908	0	100	3.34981e+06	0	0	3
91	33	0	1.48811695	242259.839	239770.733	237335.047	242259.839	4924.79121	4786.31908	0	97.1	3.34883e+06	0	0	3
92	33	0	1.50446988	242099.304	239850.101	237335.047	242259.839	4924.79121	4786.31908	0	97.1	3.34464e+06	0	0	3
93	33	0	1.52082282	241170.218	239910.78	237335.047	242259.839	4924.79121	4786.31908	0	97.1	3.34497e+06	0	0	3
94	34	0	1.53717575	241100.935	239959.456	237335.047	242259.839	4924.79121	4786.31908	0	97.1	3.34089e+06	0	0	3
95	34	0	1.55352869	240369.538	239956.477	237335.047	242259.839	4639.21586	4786.31908	0	100	3.34236e+06	0	0	3
96	35	0	1.56988162	240244.203	239944.418	237335.047	242259.839	4148.23595	4786.31908	0	100	3.3384e+06	0	0	3
97	35	0	1.58623455	238646.453	239886.676	237335.047	242259.839	3758.96148	4786.31908	0	100	3.34024e+06	0	0	3
98	35	0	1.60258749	238296.661	239812.455	237335.047	242259.839	3366.49104	4786.31908	0	100	3.33572e+06	0	0	3
99	36	0	1.61894042	239879.457	239826.047	237335.047	242259.839	3028.8259	4786.31908	0	100	3.33802e+06	0	0	3
100	36	0	1.63529335	240655.095	239869.037	237335.047	242259.839	2747.65059	4786.31908	0	100	3.33984e+06	0	0	3
101	38	0	1.65164629	240921.58	239906.069	237335.047	242259.839	2515.83931	4786.31908	0	100	3.34041e+06	0	0	3
102	38	0	1.66799922	241486.62	239958.135	237335.047	242259.839	2267.88097	4786.31908	0	100	3.34293e+06	0	0	3
103	39	0	1.68435215	241761.084	240021.118	237335.047	242259.839	2050.85531	4786.31908	0	100	3.34218e+06	0	0	3
104	39	0	1.70070509	242355.017	240077.843	237335.047	242355.017	1812.86222	4786.31908	0	100	3.34568e+06	0	0	3
105	39	0	1.71705802	242957.841	240167.19	237335.047	242957.841	1571.04886	4786.31908	0	100	3.34384e+06	0	0	3
106	40	0	1.73341095	241612.431	240218.632	237335.047	242957.841	1310.63873	4786.31908	0	100	3.34609e+06	0	0	3
107	40	0	1.74976389	240613.419	240297.247	237335.047	242957.841	1077.98013	4786.31908	0	100	3.3438e+06	0	0	3
108	41	0	1.76611682	240189.069	240389.312	237422.09	242957.841	931.681219	4786.31908	0	100	3.34569e+06	0	0	3
109	41	0	1.78246975	240402.991	240476.166	237422.09	242957.841	1018.53517	4786.31908	0	100	3.34367e+06	0	0	3
110	41	0	1.79882269	239878.338	240530.081	237422.09	242957.841	1072.45041	4786.31908	0	100	3.34619e+06	0	0	3
111	42	0	1.81517562	239114.113	240584.663	237659.272	242957.841	1127.0318	4786.31908	0	100	3.34402e+06	0	0	3
112	42	0	1.83152856	238971.889	240627.005	238296.661	242957.841	1169.37428	4786.31908	0	100	3.3471e+06	0	0	3
113	43	0	1.84788149	239634.911	240651.6	238296.661	242957.841	1193.96881	4786.31908	0	100	3.34321e+06	0	0	3
114	43	0	1.86423442	240965.971	240693.769	238296.661	242957.841	1236.13774	4786.31908	0	100	3.34499e+06	0	0	3
115	43	0	1.88058736	241148.059	240743.877	238296.661	242957.841	1286.24638	4786.31908	0	100	3.34153e+06	0	0	3
116	44	0	1.89694029	239818.733	240703.943	238296.661	242957.841	1274.77285	4786.31908	0	100	3.34301e+06	0	0	3
