Iteration	CPUTime	PhysTime	Travels	Value	AvValue	MinValue	MaxValue	Delta	Criteria	Progress	dGMaxMin	CriteriaType	CriteriaVarType	CriteriaPercentage
1	2	0	0.0235324394	572.920816	572.920816	572.920816	572.920816	0	0	0	0	0	0	0	3
2	2	0	0.0470648788	572.677187	572.799002	572.677187	572.920816	0.121814378	0	0	0	0	0	0	3
3	2	0	0.0705973182	572.697479	572.765161	572.677187	572.920816	0.15565535	0	0	0	0	0	0	3
4	3	0	0.0941297576	572.777768	572.768312	572.677187	572.920816	0.15565535	0	0	0	0	0	0	3
5	3	0	0.117662197	572.758606	572.766371	572.677187	572.920816	0.15565535	0	0	0	0	0	0	3
6	3	0	0.141194636	572.61051	572.740394	572.61051	572.920816	0.180421634	0	0	0	0	0	0	3
7	3	0	0.164727076	572.365472	572.686834	572.365472	572.920816	0.233981992	0	0	0	0	0	0	3
8	3	0	0.188259515	572.109933	572.614721	572.109933	572.920816	0.306094609	0	0	0	0	0	0	3
9	3	0	0.211791955	571.86777	572.531727	571.86777	572.920816	0.389089171	0	0	0	0	0	0	3
10	4	0	0.235324394	571.676302	572.446184	571.676302	572.920816	0.474631623	0	0	0	0	0	0	3
11	4	0	0.258856833	571.459748	572.356508	571.459748	572.920816	0.564307635	0	0	0	0	0	0	3
12	4	0	0.282389273	571.32341	572.270417	571.32341	572.920816	0.65039912	0	0	0	0	0	0	3
13	4	0	0.305921712	571.233089	572.190622	571.233089	572.920816	0.730193534	0	0	0	0	0	0	3
14	4	0	0.329454152	571.181274	572.118526	571.181274	572.920816	0.802289875	0	0	0	0	0	0	3
15	5	0	0.352986591	571.153914	572.054219	571.153914	572.920816	0.866597331	0	0	0	0	0	0	3
16	5	0	0.37651903	571.123301	571.996036	571.123301	572.920816	0.924779681	0	0	0	0	0	0	3
17	5	0	0.40005147	571.091156	571.942808	571.091156	572.920816	0.978007905	0	0	0	0	0	0	3
18	5	0	0.423583909	571.074238	571.894554	571.074238	572.920816	1.02626178	0	0	0	0	0	0	3
19	5	0	0.447116349	571.048679	571.850034	571.048679	572.920816	1.07078151	0	0	0	0	0	0	3
20	6	0	0.470648788	571.042373	571.809651	571.042373	572.920816	1.1111646	0	0	0	0	0	0	3
21	6	0	0.494181227	571.045086	571.773243	571.042373	572.920816	1.14757245	0	0	0	0	0	0	3
22	6	0	0.517713667	571.087143	571.742057	571.042373	572.920816	1.17875884	0	0	0	0	0	0	3
23	6	0	0.541246106	571.173764	571.662646	571.042373	572.777768	1.13635589	0	0	0	0	0	0	3
24	6	0	0.564778546	571.30288	571.600177	571.042373	572.777768	1.16813525	0	0	0	0	0	0	3
25	7	0	0.588310985	571.44199	571.543109	571.042373	572.777768	1.22520293	0	0	0	0	0	0	3
26	7	0	0.611843424	571.65494	571.492072	571.042373	572.758606	1.27429923	0	0	0	0	0	0	3
27	7	0	0.635375864	571.897391	571.452926	571.042373	572.61051	1.28746854	0	0	0	0	0	0	3
28	7	0	0.658908303	572.171007	571.432948	571.042373	572.365472	1.25388561	0	0	0	0	0	0	3
29	7	0	0.682440743	572.435103	571.436113	571.042373	572.435103	1.18177299	0	0	0	0	0	0	3
30	8	0	0.705973182	572.725886	571.464111	571.042373	572.725886	1.09877843	0	0	0	0	0	0	3
31	8	0	0.729505621	573.09578	571.51993	571.042373	573.09578	1.01323598	0	0	0	0	0	0	3
32	8	0	0.753038061	573.466853	571.601319	571.042373	573.466853	0.923559969	0	0	0	0	0	0	3
33	8	0	0.7765705	573.804924	571.707917	571.042373	573.804924	0.837468483	0	0	0	0	0	0	3
34	8	0	0.80010294	574.12817	571.835407	571.042373	574.12817	0.757674069	0	0	0	0	0	0	3
35	8	0	0.823635379	574.400171	571.979365	571.042373	574.400171	0.685577728	0	0	0	0	0	0	3
36	9	0	0.847167818	574.695998	572.139125	571.042373	574.695998	0.706176634	0	0	0	0	0	0	3
37	9	0	0.870700258	574.919594	572.310292	571.042373	574.919594	0.877343885	0	0	0	0	0	0	3
38	9	0	0.894232697	575.113387	572.49166	571.042373	575.113387	1.05871144	0	0	0	0	0	0	3
39	9	0	0.917765137	575.287978	572.682424	571.042373	575.287978	1.24947607	0	0	0	0	0	0	3
40	9	0	0.941297576	575.415996	572.879777	571.042373	575.415996	1.44682868	0	0	0	0	0	0	3
41	10	0	0.964830015	575.571269	573.085349	571.042373	575.571269	1.65240095	0	0	0	0	0	0	3
42	10	0	0.988362455	575.672747	573.295821	571.045086	575.672747	1.86287253	0	0	0	0	0	0	3
43	10	0	1.01189489	575.75753	573.510023	571.087143	575.75753	2.07707449	0.447449539	0	21.5	0	0	0	3
44	10	0	1.03542733	575.819581	573.725134	571.173764	575.819581	2.2921853	0.453337936	0	19.7	0	0	0	3
45	10	0	1.05895977	575.896756	573.939815	571.30288	575.896756	2.50686672	0.456999736	0	18.2	0	0	0	3
46	11	0	1.08249221	575.925921	574.149953	571.44199	575.925921	2.71700494	0.459142899	0	16.8	0	0	0	3
47	11	0	1.10602465	575.954853	574.355083	571.65494	575.954853	2.92213507	0.460900847	0	15.7	0	0	0	3
48	11	0	1.12955709	575.998261	574.552507	571.897391	575.998261	3.11955874	0.46277947	0	14.8	0	0	0	3
49	11	0	1.15308953	576.024207	574.74009	572.171007	576.024207	3.30714128	0.464442256	0	14	0	0	0	3
50	11	0	1.17662197	576.050886	574.916448	572.435103	576.050886	3.48033436	0.465991629	0	13.3	0	0	0	3
51	12	0	1.20015441	576.05709	575.081084	572.725886	576.05709	3.33120404	0.467227258	0	14	0	0	0	3
52	12	0	1.22368685	576.081683	575.23362	573.09578	576.081683	2.98590256	0.468447606	0	15.6	0	0	0	3
53	12	0	1.24721929	576.0898	575.369712	573.466853	576.0898	2.62294718	0.469500909	0	17.8	0	0	0	3
54	12	0	1.27075173	576.126268	575.490594	573.804924	576.126268	2.32134427	0.47067731	0	20.2	0	0	0	3
55	13	0	1.29428417	576.139284	575.596701	574.12817	576.139284	2.01111356	0.471760575	0	23.4	0	0	0	3
56	13	0	1.31781661	576.140589	575.688175	574.400171	576.140589	1.74041826	0.472686711	0	27.1	0	0	0	3
57	13	0	1.34134905	576.140655	575.767288	574.695998	576.140655	1.44465712	0.473480989	0	32.7	0	0	0	3
58	13	0	1.36488149	576.162948	575.833967	574.919594	576.162948	1.24335464	0.4743104	0	38.1	0	0	0	3
59	13	0	1.38841392	576.165417	575.890596	575.113387	576.165417	1.05202999	0.475050778	0	45.1	0	0	0	3
60	14	0	1.41194636	576.195274	575.939772	575.287978	576.195274	0.907295711	0.475870715	0	52.4	0	0	0	3
61	14	0	1.4354788	576.18213	575.980416	575.415996	576.195274	0.779278281	0.476599549	0	61.1	0	0	0	3
62	14	0	1.45901124	576.192663	576.015719	575.571269	576.195274	0.624004678	0.477251663	0	76.4	0	0	0	3
63	14	0	1.48254368	576.203618	576.044462	575.672747	576.203618	0.530870451	0.47786528	0	90	0	0	0	3
64	14	0	1.50607612	576.220024	576.069338	575.75753	576.220024	0.462494577	0.478304548	0	100	0	0	0	3
