Iteration	CPUTime	PhysTime	Travels	Value	AvValue	MinValue	MaxValue	Delta	Criteria	Progress	dGMaxMin	CriteriaType	CriteriaVarType	CriteriaPercentage
1	3	0	0.0183798106	530.856108	530.856108	530.856108	530.856108	0	0	0	0	0	0	0	3
2	3	0	0.0367596212	533.606063	532.231086	530.856108	533.606063	1.37497796	0	0	0	0	0	0	3
3	3	0	0.0551394318	534.507781	532.989984	530.856108	534.507781	2.13387654	0	0	0	0	0	0	3
4	4	0	0.0735192424	534.004169	533.24353	530.856108	534.507781	2.38742274	0	0	0	0	0	0	3
5	4	0	0.091899053	533.272489	533.249322	530.856108	534.507781	2.39321455	0	0	0	0	0	0	3
6	4	0	0.110278864	532.677744	533.154059	530.856108	534.507781	2.39321455	0	0	0	0	0	0	3
7	4	0	0.128658674	532.393858	533.045459	530.856108	534.507781	2.39321455	0	0	0	0	0	0	3
8	5	0	0.147038485	532.288496	532.950838	530.856108	534.507781	2.39321455	0	0	0	0	0	0	3
9	5	0	0.165418295	532.209134	532.868427	530.856108	534.507781	2.39321455	0	0	0	0	0	0	3
10	5	0	0.183798106	532.143487	532.795933	530.856108	534.507781	2.39321455	0	0	0	0	0	0	3
11	5	0	0.202177917	532.109114	532.733495	530.856108	534.507781	2.39321455	0	0	0	0	0	0	3
12	6	0	0.220557727	532.195958	532.6887	530.856108	534.507781	2.39321455	0	0	0	0	0	0	3
13	6	0	0.238937538	532.443785	532.66986	530.856108	534.507781	2.39321455	0	0	0	0	0	0	3
14	6	0	0.257317348	532.877232	532.684673	530.856108	534.507781	2.39321455	0	0	0	0	0	0	3
15	6	0	0.275697159	533.599807	532.745682	530.856108	534.507781	2.39321455	0	0	0	0	0	0	3
16	6	0	0.29407697	535.259568	532.9028	530.856108	535.259568	2.39321455	0	0	0	0	0	0	3
17	7	0	0.31245678	537.989794	533.202035	530.856108	537.989794	2.39321455	0	0	0	0	0	0	3
18	7	0	0.330836591	541.692565	533.673731	530.856108	541.692565	2.81762313	0	0	0	0	0	0	3
19	7	0	0.349216401	546.41347	534.344243	530.856108	546.41347	3.48813574	0	0	0	0	0	0	3
20	7	0	0.367596212	551.922655	535.223164	530.856108	551.922655	4.3670563	0	0	0	0	0	0	3
21	8	0	0.385976023	560.098124	536.407686	530.856108	560.098124	5.55157819	0	0	0	0	0	0	3
22	8	0	0.404355833	568.313608	537.857955	530.856108	568.313608	7.0018474	0	0	0	0	0	0	3
23	8	0	0.422735644	575.989101	539.515831	530.856108	575.989101	8.65972333	0	0	0	0	0	0	3
24	8	0	0.441115455	586.21063	541.461448	530.856108	586.21063	10.60534	0	0	0	0	0	0	3
25	9	0	0.459495265	594.373442	543.577927	530.856108	594.373442	12.7218197	0	0	0	0	0	0	3
26	9	0	0.477875076	616.843261	546.395825	530.856108	616.843261	15.5397172	0	0	0	0	0	0	3
27	9	0	0.496254886	636.878755	549.747044	530.856108	636.878755	18.8909368	0	0	0	0	0	0	3
28	9	0	0.514634697	661.65838	553.743878	530.856108	661.65838	22.8877702	0	0	0	0	0	0	3
29	10	0	0.533014508	693.940315	559.568314	532.109114	693.940315	27.3372282	0	0	0	0	0	0	3
30	10	0	0.551394318	724.171404	566.374219	532.109114	724.171404	33.7043583	0	0	0	0	0	0	3
31	10	0	0.569774129	753.451122	574.193624	532.109114	753.451122	41.5237633	0	0	0	0	0	0	3
32	10	0	0.588153939	782.815027	583.079726	532.109114	782.815027	50.4098654	0	0	0	0	0	0	3
33	11	0	0.60653375	805.825086	592.813747	532.109114	805.825086	60.1438867	0	0	0	0	0	0	3
34	11	0	0.624913561	823.775524	603.210096	532.109114	823.775524	70.540236	0	0	0	0	0	0	3
35	11	0	0.643293371	836.550377	614.072829	532.109114	836.550377	81.4029688	0	0	0	0	0	0	3
36	11	0	0.661673182	848.890532	625.380045	532.109114	848.890532	92.7101844	0	0	0	0	0	0	3
37	12	0	0.680052992	856.115247	636.94812	532.109114	856.115247	104.27826	0	0	0	0	0	0	3
38	12	0	0.698432803	861.73854	648.719372	532.109114	861.73854	116.049512	0	0	0	0	0	0	3
39	12	0	0.716812614	865.077971	660.611117	532.195958	865.077971	127.941257	0	0	0	0	0	0	3
40	12	0	0.735192424	871.581715	672.732037	532.443785	871.581715	140.062177	0	0	0	0	0	0	3
41	13	0	0.753572235	880.399728	685.159035	532.877232	880.399728	152.474362	0	0	0	0	0	0	3
42	13	0	0.771952045	884.414537	697.713939	533.599807	884.414537	164.968257	0	0	0	0	0	0	3
43	13	0	0.790331856	885.163807	710.269796	535.259568	885.163807	177.366996	0	0	0	0	0	0	3
44	13	0	0.808711667	888.901362	722.89986	537.989794	888.901362	189.697825	0	0	0	0	0	0	3
45	14	0	0.827091477	894.730169	735.640588	541.692565	894.730169	201.966857	0	0	0	0	0	0	3
46	14	0	0.845471288	901.258268	748.48222	546.41347	901.258268	214.137977	0	0	0	0	0	0	3
47	14	0	0.863851098	906.267879	761.334163	551.922655	906.267879	226.110999	0	0	0	0	0	0	3
48	14	0	0.882230909	910.444613	774.138519	560.098124	910.444613	237.730833	0	0	0	0	0	0	3
49	15	0	0.90061072	913.80346	786.770852	568.313608	913.80346	248.912897	0	0	0	0	0	0	3
50	15	0	0.91899053	917.81866	799.253175	575.989101	917.81866	259.737345	0	0	0	0	0	0	3
51	15	0	0.937370341	920.921895	811.572204	586.21063	920.921895	270.110756	0	0	0	0	0	0	3
52	15	0	0.955750151	923.563007	823.620503	594.373442	923.563007	280.042576	0	0	0	0	0	0	3
53	16	0	0.974129962	926.229817	835.472516	616.843261	926.229817	289.076692	0	0	0	0	0	0	3
54	16	0	0.992509773	928.300211	846.595979	636.878755	928.300211	291.421456	0	0	0	0	0	0	3
55	16	0	1.01088958	930.286534	857.074828	661.65838	930.286534	268.628154	11.9453226	0	4.4	0	0	0	3
56	16	0	1.02926939	931.628385	866.716614	693.940315	931.628385	237.68807	11.9855781	0	5	0	0	0	3
57	17	0	1.0476492	932.573491	875.239227	724.171404	932.573491	208.402087	11.9997547	0	5.7	0	0	0	3
58	17	0	1.06602902	939.971356	882.946369	753.451122	939.971356	186.520234	12.0784589	0	6.4	0	0	0	3
59	17	0	1.08440883	941.076875	889.647288	782.815027	941.076875	158.261848	12.1261024	0	7.6	0	0	0	3
60	17	0	1.10278864	943.253627	895.377238	805.825086	943.253627	137.428541	12.167749	0	8.8	0	0	0	3
61	18	0	1.12116845	945.19339	900.354678	823.775524	945.19339	121.417866	12.2052122	0	10	0	0	0	3
62	18	0	1.13954826	946.280935	904.729871	836.550377	946.280935	109.730559	12.2366325	0	11.1	0	0	0	3
63	18	0	1.15792807	948.148376	908.715514	848.890532	948.148376	99.2578441	12.2672007	0	12.3	0	0	0	3
64	18	0	1.17630788	950.835784	912.356416	856.115247	950.835784	94.7205373	12.299934	0	12.9	0	0	0	3
65	19	0	1.19468769	958.313752	916.006362	861.73854	958.313752	96.5752118	12.3485545	0	12.7	0	0	0	3
66	19	0	1.2130675	962.677471	919.611324	865.077971	962.677471	97.5994993	12.3999991	0	12.7	0	0	0	3
67	19	0	1.23144731	966.002317	923.215765	871.581715	966.002317	94.420602	12.4505622	0	13.1	0	0	0	3
68	20	0	1.24982712	968.503035	926.677241	880.399728	968.503035	88.1033072	12.4981169	0	14.1	0	0	0	3
69	20	0	1.26820693	970.549417	929.896872	884.414537	970.549417	86.1348797	12.5417149	0	14.5	0	0	0	3
70	20	0	1.28658674	972.448831	933.040954	885.163807	972.448831	87.2850239	12.5799791	0	14.4	0	0	0	3
71	20	0	1.30496655	973.866518	936.208908	888.901362	973.866518	84.9651553	12.6109993	0	14.8	0	0	0	3
72	21	0	1.32334636	975.089317	939.28705	894.730169	975.089317	80.3591477	12.6339936	0	15.7	0	0	0	3
73	21	0	1.34172617	975.821157	942.183156	901.258268	975.821157	74.5628889	12.6477845	0	16.9	0	0	0	3
74	21	0	1.36010598	981.812829	945.060105	906.267879	981.812829	75.5449498	12.6608856	0	16.7	0	0	0	3
75	22	0	1.3784858	984.2023	947.843477	910.444613	984.2023	73.7576873	12.6639976	0	17.1	0	0	0	3
76	22	0	1.39686561	984.700587	950.495476	913.80346	984.700587	70.897127	12.6557886	0	17.8	0	0	0	3
77	22	0	1.41524542	987.69957	953.134623	917.81866	987.69957	69.8809101	12.6419489	0	18	0	0	0	3
78	22	0	1.43362523	993.490214	955.837178	920.921895	993.490214	72.5683195	12.6235332	0	17.3	0	0	0	3
79	23	0	1.45200504	998.015328	958.590515	923.563007	998.015328	74.4523211	12.602105	0	16.9	0	0	0	3
80	23	0	1.47038485	1000.59328	961.341596	926.229817	1000.59328	74.3634604	12.5585208	0	16.8	0	0	0	3
81	23	0	1.48876466	1002.44265	964.063483	928.300211	1002.44265	74.1424424	12.4973053	0	16.8	0	0	0	3
82	23	0	1.50714447	1007.38243	966.887848	930.286534	1007.38243	77.0958956	12.4185799	0	16.1	0	0	0	3
83	24	0	1.52552428	1009.09269	969.702354	931.628385	1009.09269	77.4643046	12.3127225	0	15.8	0	0	0	3
84	24	0	1.54390409	1013.18773	972.615188	932.573491	1013.18773	80.6142386	12.1871283	0	15.1	0	0	0	3
85	24	0	1.5622839	1019.02351	975.702688	939.971356	1019.02351	79.0521509	12.046463	0	15.2	0	0	0	3
86	25	0	1.58066371	1022.22792	978.640423	941.076875	1022.22792	81.151049	11.9453226	0	14.7	0	0	0	3
87	25	0	1.59904352	1024.57663	981.622557	943.253627	1024.57663	81.3230002	11.9453226	0	14.6	0	0	0	3
88	25	0	1.61742333	1025.57891	984.562746	945.19339	1025.57891	80.3855239	11.9453226	0	14.8	0	0	0	3
89	25	0	1.63580314	1026.71849	987.474357	946.280935	1026.71849	80.4375586	11.9453226	0	14.8	0	0	0	3
90	26	0	1.65418295	1027.27946	990.367161	948.148376	1027.27946	79.131085	11.9453226	0	15	0	0	0	3
91	26	0	1.67256276	1028.14791	993.224287	950.835784	1028.14791	77.3121241	11.9453226	0	15.4	0	0	0	3
92	26	0	1.69094258	1028.00607	995.980369	958.313752	1028.14791	69.8341566	11.9453226	0	17.1	0	0	0	3
93	27	0	1.70932239	1034.25837	998.692677	962.677471	1034.25837	71.580901	11.9453226	0	16.6	0	0	0	3
94	27	0	1.7277022	1035.32294	1001.28716	966.002317	1035.32294	69.3206249	11.9453226	0	17.2	0	0	0	3
95	27	0	1.74608201	1036.93282	1003.82039	968.503035	1036.93282	68.4297873	11.9453226	0	17.4	0	0	0	3
96	27	0	1.76446182	1037.07927	1006.26954	970.549417	1037.07927	66.5298543	11.9453226	0	17.9	0	0	0	3
97	28	0	1.78284163	1038.22128	1008.68639	972.448831	1038.22128	65.7724513	11.9453226	0	18.1	0	0	0	3
98	28	0	1.80122144	1037.69242	1011.01652	973.866518	1038.22128	64.3547648	11.9453226	0	18.5	0	0	0	3
99	28	0	1.81960125	1039.28465	1013.35288	975.089317	1039.28465	64.1953313	11.9453226	0	18.6	0	0	0	3
100	28	0	1.83798106	1038.38969	1015.61361	975.821157	1039.28465	63.4634914	11.9453226	0	18.8	0	0	0	3
101	29	0	1.85636087	1039.39641	1017.88416	981.812829	1039.39641	57.5835854	11.9453226	0	20.7	0	0	0	3
102	30	0	1.87474068	1040.37926	1019.97581	984.2023	1040.37926	56.1769619	11.9453226	0	21.2	0	0	0	3
103	30	0	1.89312049	1042.16837	1022.04603	984.700587	1042.16837	57.4677866	11.9453226	0	20.7	0	0	0	3
104	30	0	1.9115003	1042.27783	1024.10236	987.69957	1042.27783	54.5782634	11.9453226	0	21.8	0	0	0	3
105	31	0	1.92988011	1054.36481	1026.48326	993.490214	1054.36481	60.8745967	11.9453226	0	19.6	0	0	0	3
106	31	0	1.94825992	1055.76716	1028.70744	998.015328	1055.76716	57.7518333	11.9453226	0	20.6	0	0	0	3
107	31	0	1.96663973	1057.68664	1030.83856	1000.59328	1057.68664	57.0933596	11.9453226	0	20.9	0	0	0	3
108	31	0	1.98501955	1056.93227	1032.85066	1002.44265	1057.68664	55.2439838	11.9453226	0	21.6	0	0	0	3
109	32	0	2.00339936	1058.28189	1034.84492	1007.38243	1058.28189	50.8994589	11.9453226	0	23.4	0	0	0	3
110	32	0	2.02177917	1057.60877	1036.63872	1009.09269	1058.28189	49.1891989	11.9453226	0	24.2	0	0	0	3
111	32	0	2.04015898	1058.32705	1038.39709	1013.18773	1058.32705	45.1393252	11.9453226	0	26.4	0	0	0	3
112	32	0	2.05853879	1057.67578	1039.98595	1019.02351	1058.32705	39.3035479	11.9453226	0	30.3	0	0	0	3
113	33	0	2.0769186	1058.28311	1041.38808	1022.22792	1058.32705	36.0991309	11.9453226	0	33	0	0	0	3
114	33	0	2.09529841	1056.21425	1042.60188	1024.57663	1058.32705	33.7504275	11.9453226	0	35.3	0	0	0	3
115	33	0	2.11367822	1058.16821	1043.80158	1025.57891	1058.32705	32.748141	11.9453226	0	36.4	0	0	0	3
116	34	0	2.13205803	1064.97997	1045.20876	1026.71849	1064.97997	38.2614809	11.9453226	0	31.2	0	0	0	3
117	34	0	2.15043784	1066.98248	1046.64676	1027.27946	1066.98248	39.7030215	11.9453226	0	30	0	0	0	3
118	34	0	2.16881765	1073.35202	1048.2922	1028.00607	1073.35202	45.345958	11.9453226	0	26.3	0	0	0	3
119	34	0	2.18719746	1078.42168	1050.0877	1028.00607	1078.42168	50.4156103	11.9453226	0	23.6	0	0	0	3
120	35	0	2.20557727	1076.99546	1051.83732	1034.25837	1078.42168	44.1633049	11.9453226	0	27	0	0	0	3
121	35	0	2.22395708	1086.76936	1053.71271	1035.32294	1086.76936	51.4464142	11.9453226	0	23.2	0	0	0	3
122	35	0	2.24233689	1091.88035	1055.73262	1036.93282	1091.88035	51.9122271	11.9453226	0	23	0	0	0	3
123	36	0	2.2607167	1098.74815	1057.94031	1037.07927	1098.74815	51.6707663	11.9453226	0	23.1	0	0	0	3
124	36	0	2.27909651	1102.18391	1060.26547	1037.69242	1102.18391	51.5790796	11.9453226	0	23.1	0	0	0	3
125	36	0	2.29747633	1102.74778	1062.56999	1037.69242	1102.74778	51.5534691	11.9453226	0	23.1	0	0	0	3
126	36	0	2.31585614	1101.39492	1064.84508	1038.38969	1102.74778	51.4921967	11.9453226	0	23.1	0	0	0	3
127	37	0	2.33423595	1100.95078	1067.04744	1038.38969	1102.74778	51.4338308	11.9453226	0	23.2	0	0	0	3
128	37	0	2.35261576	1099.13223	1069.21682	1039.39641	1102.74778	51.3326624	11.9453226	0	23.2	0	0	0	3
129	37	0	2.37099557	1097.41721	1071.28899	1040.37926	1102.74778	51.3131754	11.9453226	0	23.2	0	0	0	3
130	38	0	2.38937538	1094.99044	1073.23939	1042.16837	1102.74778	51.1933576	11.9453226	0	23.3	0	0	0	3
131	38	0	2.40775519	1100.34151	1075.317	1042.27783	1102.74778	51.2146394	11.9453226	0	23.3	0	0	0	3
132	38	0	2.426135	1098.80374	1077.33578	1054.36481	1102.74778	48.3829693	11.9453226	0	24.6	0	0	0	3
133	39	0	2.44451481	1103.73891	1079.09914	1055.76716	1103.73891	47.9717498	11.9453226	0	24.9	0	0	0	3
134	39	0	2.46289462	1102.00352	1080.75044	1056.21425	1103.73891	47.5246595	11.9453226	0	25.1	0	0	0	3
135	39	0	2.48127443	1101.48159	1082.31455	1056.21425	1103.73891	47.5246595	11.9453226	0	25.1	0	0	0	3
136	39	0	2.49965424	1100.57293	1083.87314	1056.21425	1103.73891	47.5246595	11.9453226	0	25.1	0	0	0	3
137	40	0	2.51803405	1099.31083	1085.33846	1056.21425	1103.73891	47.5246595	11.9453226	0	25.1	0	0	0	3
138	40	0	2.53641386	1098.33865	1086.7931	1056.21425	1103.73891	47.5246595	11.9453226	0	25.1	0	0	0	3
139	40	0	2.55479367	1097.18498	1088.18088	1056.21425	1103.73891	47.5246595	11.9453226	0	25.1	0	0	0	3
140	41	0	2.57317348	1096.37957	1089.56316	1056.21425	1103.73891	47.5246595	11.9453226	0	25.1	0	0	0	3
141	41	0	2.5915533	1094.79908	1090.8673	1056.21425	1103.73891	47.5246595	11.9453226	0	25.1	0	0	0	3
142	41	0	2.60993311	1094.43533	1092.23234	1058.16821	1103.73891	45.5707025	11.9453226	0	26.2	0	0	0	3
143	41	0	2.62831292	1093.04943	1093.4781	1064.97997	1103.73891	38.7589367	11.9453226	0	30.8	0	0	0	3
144	42	0	2.64669273	1092.70696	1094.46835	1066.98248	1103.73891	36.7564284	11.9453226	0	32.4	0	0	0	3
145	42	0	2.66507254	1091.33486	1095.33808	1073.35202	1103.73891	30.386887	11.9453226	0	39.3	0	0	0	3
146	42	0	2.68345235	1091.31863	1095.97974	1076.99546	1103.73891	26.7434541	11.9453226	0	44.6	0	0	0	3
147	42	0	2.70183216	1089.78021	1096.3854	1076.99546	1103.73891	26.7434541	11.9453226	0	44.6	0	0	0	3
148	43	0	2.72021197	1089.98177	1096.8492	1086.76936	1103.73891	16.9695551	11.9453226	0	70.3	0	0	0	3
149	43	0	2.73859178	1088.55	1096.9128	1088.55	1103.73891	15.1889124	11.9453226	0	78.6	0	0	0	3
150	43	0	2.75697159	1088.73804	1096.80057	1088.55	1103.73891	15.1889124	11.9453226	0	78.6	0	0	0	3
151	44	0	2.7753514	1087.50489	1096.39902	1087.50489	1103.73891	16.2340192	11.9453226	0	73.5	0	0	0	3
152	44	0	2.79373121	1087.8645	1095.88762	1087.50489	1103.73891	16.2340192	11.9453226	0	73.5	0	0	0	3
153	44	0	2.81211102	1086.52896	1095.30837	1086.52896	1103.73891	17.2099557	11.9453226	0	69.4	0	0	0	3
154	44	0	2.83049083	1086.88424	1094.79013	1086.52896	1103.73891	17.2099557	11.9453226	0	69.4	0	0	0	3
155	45	0	2.84887064	1084.61061	1094.20656	1084.61061	1103.73891	19.1283027	11.9453226	0	62.4	0	0	0	3
156	45	0	2.86725045	1087.68749	1093.79782	1084.61061	1103.73891	19.1283027	11.9453226	0	62.4	0	0	0	3
157	45	0	2.88563026	1087.96726	1093.46032	1084.61061	1103.73891	19.1283027	11.9453226	0	62.4	0	0	0	3
158	46	0	2.90401008	1088.98535	1093.24585	1084.61061	1103.73891	19.1283027	11.9453226	0	62.4	0	0	0	3
159	46	0	2.92238989	1088.57247	1092.82553	1084.61061	1103.73891	19.1283027	11.9453226	0	62.4	0	0	0	3
160	46	0	2.9407697	1089.72193	1092.50118	1084.61061	1103.73891	17.8136509	11.9453226	0	67	0	0	0	3
161	46	0	2.95914951	1089.07208	1091.97736	1084.61061	1102.00352	16.1623524	11.9453226	0	73.9	0	0	0	3
162	47	0	2.97752932	1092.81503	1091.6492	1084.61061	1101.48159	14.598247	11.9453226	0	81.8	0	0	0	3
163	47	0	2.99590913	1092.21794	1091.31836	1084.61061	1100.57293	13.0396519	11.9453226	0	91.6	0	0	0	3
164	47	0	3.01428894	1097.27175	1091.20046	1084.61061	1099.31083	11.5743325	11.9453226	0	100	0	0	0	3
