Iteration	CPUTime	PhysTime	Travels	Value	AvValue	MinValue	MaxValue	Delta	Criteria	Progress	dGMaxMin	CriteriaType	CriteriaVarType	CriteriaPercentage
1	1	0	0.0175395988	4080.50596	4080.50596	4080.50596	4080.50596	0	0	0	0	0	0	0	3
2	2	0	0.0350791976	4064.29324	4072.3996	4064.29324	4080.50596	8.10635947	0	0	0	0	0	0	3
3	2	0	0.0526187964	4055.59279	4066.79733	4055.59279	4080.50596	13.7086309	0	0	0	0	0	0	3
4	2	0	0.0701583952	4047.07056	4061.86564	4047.07056	4080.50596	18.6403246	0	0	0	0	0	0	3
5	3	0	0.087697994	4038.20427	4057.13336	4038.20427	4080.50596	23.3725981	0	0	0	0	0	0	3
6	3	0	0.105237593	4026.17674	4051.97393	4026.17674	4080.50596	28.5320357	0	0	0	0	0	0	3
7	3	0	0.122777192	4015.18637	4046.71856	4015.18637	4080.50596	33.7874007	0	0	0	0	0	0	3
8	4	0	0.14031679	4006.25425	4041.66052	4006.25425	4080.50596	38.8454393	0	0	0	0	0	0	3
9	4	0	0.157856389	3998.93204	4036.91291	3998.93204	4080.50596	43.593048	0	0	0	0	0	0	3
10	4	0	0.175395988	3993.41466	4032.56309	3993.41466	4080.50596	47.9428738	0	0	0	0	0	0	3
11	5	0	0.192935587	3987.98464	4028.5105	3987.98464	4080.50596	51.9954597	0	0	0	0	0	0	3
12	5	0	0.210475186	3985.27578	4024.90761	3985.27578	4080.50596	55.5983533	0	0	0	0	0	0	3
13	5	0	0.228014784	3983.57292	4021.72802	3983.57292	4080.50596	58.7779448	0	0	0	0	0	0	3
14	5	0	0.245554383	3982.25396	4018.90844	3982.25396	4080.50596	61.5975199	0	0	0	0	0	0	3
15	6	0	0.263093982	3981.47415	4016.41282	3981.47415	4080.50596	64.0931392	0	0	0	0	0	0	3
16	6	0	0.280633581	3980.68369	4014.17975	3980.68369	4080.50596	66.3262099	0	0	0	0	0	0	3
17	6	0	0.29817318	3980.22948	4012.18268	3980.22948	4080.50596	68.3232848	0	0	0	0	0	0	3
18	6	0	0.315712778	3979.94553	4010.39172	3979.94553	4080.50596	70.1142373	0	0	0	0	0	0	3
19	7	0	0.333252377	3979.83903	4008.78369	3979.83903	4080.50596	71.7222738	0	0	0	0	0	0	3
20	7	0	0.350791976	3979.75786	4007.3324	3979.75786	4080.50596	73.1735654	0	0	0	0	0	0	3
21	7	0	0.368331575	3979.70338	4006.01673	3979.70338	4080.50596	74.4892327	0	0	0	0	0	0	3
22	7	0	0.385871174	3979.6851	4004.81984	3979.6851	4080.50596	75.6861248	0	0	0	0	0	0	3
23	8	0	0.403410772	3979.68154	4003.72687	3979.68154	4080.50596	76.779094	0	0	0	0	0	0	3
24	8	0	0.420950371	3979.70691	4002.72604	3979.68154	4080.50596	77.7799257	0	0	0	0	0	0	3
25	8	0	0.43848997	3979.73758	4001.8065	3979.68154	4080.50596	78.6994637	0	0	0	0	0	0	3
26	9	0	0.456029569	3979.79004	4000.95971	3979.68154	4080.50596	79.5462506	0	0	0	0	0	0	3
27	9	0	0.473569168	3979.85123	4000.17791	3979.68154	4080.50596	80.328046	0	0	0	0	0	0	3
28	9	0	0.491108766	3979.98359	3999.45669	3979.68154	4080.50596	81.049272	0	0	0	0	0	0	3
29	9	0	0.508648365	3980.01243	3998.7862	3979.68154	4080.50596	81.7197635	0	0	0	0	0	0	3
30	9	0	0.526187964	3980.00645	3995.3207	3979.68154	4064.29324	77.0789045	0	0	0	0	0	0	3
31	10	0	0.543727563	3980.02818	3992.41501	3979.68154	4055.59279	74.3823247	0	0	0	0	0	0	3
32	10	0	0.561267162	3980.04962	3989.81007	3979.68154	4047.07056	67.3890103	0	0	0	0	0	0	3
33	10	0	0.57880676	3980.08235	3987.50013	3979.68154	4038.20427	58.5227241	0	0	0	0	0	0	3
34	11	0	0.596346359	3980.10695	3985.49677	3979.68154	4026.17674	46.4951923	0	0	0	0	0	0	3
35	11	0	0.613885958	3980.10862	3983.90822	3979.68154	4015.18637	35.5048254	0	0	0	0	0	0	3
36	11	0	0.631425557	3980.108	3982.69862	3979.68154	4006.25425	26.5727061	0	0	0	0	0	0	3
37	11	0	0.648965156	3980.10147	3981.7968	3979.68154	3998.93204	19.2504983	0	0	0	0	0	0	3
38	12	0	0.666504754	3980.09876	3981.14738	3979.68154	3993.41466	13.7331106	0	0	0	0	0	0	3
39	12	0	0.684044353	3980.10087	3980.68828	3979.68154	3987.98464	8.30309719	0	0	0	0	0	0	3
40	12	0	0.701583952	3980.10513	3980.41657	3979.68154	3985.27578	5.59423289	0	0	0	0	0	0	3
41	13	0	0.719123551	3980.10425	3980.23824	3979.68154	3983.57292	3.89137364	0	0	0	0	0	0	3
42	13	0	0.73666315	3980.11244	3980.11892	3979.68154	3982.25396	2.57241953	0	0	0	0	0	0	3
43	13	0	0.754202748	3980.10988	3980.04498	3979.68154	3981.47415	1.79260711	0	0	0	0	0	0	3
44	13	0	0.771742347	3980.12363	3979.99841	3979.68154	3980.68369	1.00214593	0	0	0	0	0	0	3
45	14	0	0.789281946	3980.11799	3979.97891	3979.68154	3980.22948	0.547932584	0	0	0	0	0	0	3
46	14	0	0.806821545	3980.13187	3979.97554	3979.68154	3980.13187	0.450326996	0	0	0	0	0	0	3
47	14	0	0.824361144	3980.12516	3979.98174	3979.68154	3980.13187	0.450326996	0	0	0	0	0	0	3
48	14	0	0.841900742	3980.12204	3979.99149	3979.68154	3980.13187	0.450326996	0	0	0	0	0	0	3
49	15	0	0.859440341	3980.10526	3980.00347	3979.68154	3980.13187	0.450326996	0	0	0	0	0	0	3
50	15	0	0.87697994	3980.12175	3980.0179	3979.68154	3980.13187	0.450326996	0	0	0	0	0	0	3
51	15	0	0.894519539	3980.10738	3980.03246	3979.68154	3980.13187	0.450326996	0	0	0	0	0	0	3
52	15	0	0.912059138	3980.12567	3980.04778	3979.70691	3980.13187	0.42496483	0	0	0	0	0	0	3
53	16	0	0.929598736	3980.10733	3980.06158	3979.73758	3980.13187	0.394287383	0	0	0	0	0	0	3
54	16	0	0.947138335	3980.12592	3980.07498	3979.79004	3980.13187	0.341833056	0	0	0	0	0	0	3
55	16	0	0.964677934	3980.11955	3980.08634	3979.85123	3980.13187	0.280637419	0	0	0	0	0	0	3
56	17	0	0.982217533	3980.13122	3980.09599	3979.98359	3980.13187	0.148285003	0	0	0	0	0	0	3
57	17	0	0.999757132	3980.12571	3980.10089	3980.00645	3980.13187	0.125423176	0	0	0	0	0	0	3
58	17	0	1.01729673	3980.13936	3980.10527	3980.00645	3980.13936	0.132907268	2.27733726	0	100	0	0	0	3
59	17	0	1.03483633	3980.12777	3980.10945	3980.02818	3980.13936	0.111171753	2.27733726	0	100	0	0	0	3
60	18	0	1.05237593	3980.13633	3980.11318	3980.04962	3980.13936	0.0897374125	2.27733726	0	100	0	0	0	3
61	18	0	1.06991553	3980.1255	3980.1158	3980.08235	3980.13936	0.0570043951	2.27733726	0	100	0	0	0	3
62	18	0	1.08745513	3980.14167	3980.11784	3980.09876	3980.14167	0.0429016662	2.27733726	0	100	0	0	0	3
63	19	0	1.10499472	3980.13319	3980.11875	3980.09876	3980.14167	0.0429016662	2.27733726	0	100	0	0	0	3
64	19	0	1.12253432	3980.14422	3980.11998	3980.09876	3980.14422	0.0454532346	2.27733726	0	100	0	0	0	3
65	19	0	1.14007392	3980.1342	3980.12088	3980.09876	3980.14422	0.0454532346	2.27733726	0	100	0	0	0	3
66	20	0	1.15761352	3980.15015	3980.12256	3980.09876	3980.15015	0.0513854677	2.27733726	0	100	0	0	0	3
67	20	0	1.17515312	3980.14171	3980.12404	3980.10087	3980.15015	0.0492767013	2.27733726	0	100	0	0	0	3
68	20	0	1.19269272	3980.15169	3980.12579	3980.10425	3980.15169	0.0474410653	2.27733726	0	100	0	0	0	3
69	21	0	1.21023232	3980.14071	3980.12702	3980.10425	3980.15169	0.0474410653	2.27733726	0	100	0	0	0	3
70	21	0	1.22777192	3980.15577	3980.1288	3980.10526	3980.15577	0.050506231	2.27733726	0	100	0	0	0	3
71	21	0	1.24531151	3980.14677	3980.12998	3980.10526	3980.15577	0.050506231	2.27733726	0	100	0	0	0	3
72	22	0	1.26285111	3980.15639	3980.13158	3980.10526	3980.15639	0.0511220596	2.27733726	0	100	0	0	0	3
73	22	0	1.28039071	3980.14481	3980.13231	3980.10526	3980.15639	0.0511220596	2.27733726	0	100	0	0	0	3
74	22	0	1.29793031	3980.15978	3980.13375	3980.10526	3980.15978	0.0545135519	2.27733726	0	100	0	0	0	3
75	23	0	1.31546991	3980.14995	3980.13438	3980.10526	3980.15978	0.0545135519	2.27733726	0	100	0	0	0	3
76	23	0	1.33300951	3980.15875	3980.13554	3980.10526	3980.15978	0.0545135519	2.27733726	0	100	0	0	0	3
77	23	0	1.35054911	3980.14715	3980.1364	3980.10526	3980.15978	0.0545135519	2.27733726	0	100	0	0	0	3
78	23	0	1.36808871	3980.16105	3980.13833	3980.10733	3980.16105	0.0537171391	2.27733726	0	100	0	0	0	3
79	24	0	1.38562831	3980.15068	3980.13932	3980.10733	3980.16105	0.0537171391	2.27733726	0	100	0	0	0	3
80	24	0	1.4031679	3980.16014	3980.14114	3980.10733	3980.16105	0.0537171391	2.27733726	0	100	0	0	0	3
