Iteration	CPUTime	PhysTime	Travels	Value	AvValue	MinValue	MaxValue	Delta	Criteria	Progress	dGMaxMin	CriteriaType	CriteriaVarType	CriteriaPercentage
1	3	0	0.0159748398	293.199765	293.199765	293.199765	293.199765	0	0	0	0	0.662595	0	0	3
2	3	0	0.0319496797	293.199597	293.199681	293.199597	293.199765	8.3894991e-05	0	0	0	0.609359	0	0	3
3	4	0	0.0479245195	293.19949	293.199617	293.19949	293.199765	0.00014749489	0	0	0	0.60671	0	0	3
4	4	0	0.0638993594	293.199454	293.199576	293.199454	293.199765	0.000188383058	0	0	0	0.702159	0	0	3
5	4	0	0.0798741992	293.199448	293.199551	293.199448	293.199765	0.000214022669	0	0	0	0.729015	0	0	3
6	5	0	0.095849039	293.199438	293.199532	293.199438	293.199765	0.000232875635	0	0	0	0.690494	0	0	3
7	5	0	0.111823879	293.199408	293.199514	293.199408	293.199765	0.000250614278	0	0	0	0.680988	0	0	3
8	5	0	0.127798719	293.199363	293.199495	293.199363	293.199765	0.000269437153	0	0	0	0.674909	0	0	3
9	6	0	0.143773559	293.199309	293.199475	293.199309	293.199765	0.000290134094	0	0	0	0.675418	0	0	3
10	6	0	0.159748398	293.199252	293.199452	293.199252	293.199765	0.000312418124	0	0	0	0.683839	0	0	3
11	6	0	0.175723238	293.199167	293.199426	293.199167	293.199765	0.000338377448	0	0	0	0.709795	0	0	3
12	7	0	0.191698078	293.199164	293.199404	293.199164	293.199765	0.000360266048	0	0	0	0.687817	0	0	3
13	7	0	0.207672918	293.199316	293.199398	293.199164	293.199765	0.000367094481	0	0	0	0.749581	0	0	3
14	7	0	0.223647758	293.19929	293.19939	293.199164	293.199765	0.000374809648	0	0	0	0.769647	0	0	3
15	8	0	0.239622598	293.199436	293.199393	293.199164	293.199765	0.000374809648	0	0	0	0.763223	0	0	3
16	8	0	0.255597437	293.199448	293.199396	293.199164	293.199765	0.000374809648	0	0	0	0.713986	0	0	3
17	8	0	0.271572277	293.199573	293.199407	293.199164	293.199765	0.000374809648	0	0	0	0.776778	0	0	3
18	9	0	0.287547117	293.199602	293.199418	293.199164	293.199765	0.000374809648	0	0	0	0.789585	0	0	3
19	9	0	0.303521957	293.199704	293.199433	293.199164	293.199765	0.000374809648	0	0	0	0.833738	0	0	3
20	9	0	0.319496797	293.199729	293.199447	293.199164	293.199765	0.000374809648	0	0	0	0.832698	0	0	3
21	10	0	0.335471637	293.199818	293.199465	293.199164	293.199818	0.000374809648	0	0	0	0.830995	0	0	3
22	10	0	0.351446476	293.199882	293.199484	293.199164	293.199882	0.000374809648	0	0	0	0.820891	0	0	3
23	10	0	0.367421316	293.199959	293.199505	293.199164	293.199959	0.000374809648	0	0	0	0.805415	0	0	3
24	11	0	0.383396156	293.200029	293.199527	293.199164	293.200029	0.000374809648	0	0	0	0.784901	0	0	3
25	11	0	0.399370996	293.200098	293.199549	293.199164	293.200098	0.000374809648	0	0	0	0.793716	0	0	3
26	11	0	0.415345836	293.200181	293.199574	293.199164	293.200181	0.000374809648	0	0	0	0.803643	0	0	3
27	12	0	0.431320676	293.200268	293.199599	293.199164	293.200268	0.000374809648	0	0	0	0.812198	0	0	3
28	12	0	0.447295516	293.200353	293.199626	293.199164	293.200353	0.000374809648	0	0	0	0.818925	0	0	3
29	12	0	0.463270355	293.200425	293.199654	293.199164	293.200425	0.000374809648	0	0	0	0.825052	0	0	3
30	12	0	0.479245195	293.200489	293.199682	293.199164	293.200489	0.000374809648	0	0	0	0.827536	0	0	3
31	13	0	0.495220035	293.200566	293.19971	293.199164	293.200566	0.000374809648	0	0	0	0.832698	0	0	3
32	13	0	0.511194875	293.200627	293.199739	293.199164	293.200627	0.000374809648	0	0	0	0.829871	0	0	3
33	13	0	0.527169715	293.200676	293.199767	293.199164	293.200676	0.000377519723	0	0	0	0.834629	0	0	3
34	14	0	0.543144555	293.200713	293.199802	293.199164	293.200713	0.000412383244	0	0	0	0.831054	0	0	3
35	14	0	0.559119394	293.200746	293.199841	293.199164	293.200746	0.000451639387	0	0	0	0.837915	0	0	3
36	15	0	0.575094234	293.200779	293.199883	293.199164	293.200779	0.000493065893	0	0	0	0.832963	0	0	3
37	15	0	0.591069074	293.200812	293.199926	293.199164	293.200812	0.000535702519	0	0	0	0.843989	0	0	3
38	15	0	0.607043914	293.200838	293.199969	293.199164	293.200838	0.000579470959	0	0	0	0.831412	0	0	3
39	16	0	0.623018754	293.200867	293.200015	293.199164	293.200867	0.000625083479	0	0	0	0.848636	0	0	3
40	16	0	0.638993594	293.20089	293.200063	293.199164	293.20089	0.0006727895	0	0	0	0.830712	0	0	3
41	16	0	0.654968433	293.20092	293.200113	293.199164	293.20092	0.00072311947	0	0	0	0.864915	0	0	3
42	17	0	0.670943273	293.200946	293.200166	293.199164	293.200946	0.000776066412	0	0	0	0.86099	0	0	3
43	17	0	0.686918113	293.200979	293.200223	293.199164	293.200979	0.000832709865	0	0	0	0.853931	0	0	3
44	17	0	0.702892953	293.201005	293.20028	293.19929	293.201005	0.000890263345	0	0	0	0.828867	0	0	3
45	18	0	0.718867793	293.201036	293.200334	293.19929	293.201036	0.000944033146	0	0	0	0.8508	0	0	3
46	18	0	0.734842633	293.201059	293.200389	293.199436	293.201059	0.000996271902	0	0	0	0.830441	0	0	3
47	18	0	0.750817473	293.201088	293.200441	293.199448	293.201088	0.00104446938	0	0	0	0.848924	0	0	3
48	19	0	0.766792312	293.201109	293.200493	293.199573	293.201109	0.00108597403	0	0	0	0.822357	0	0	3
49	19	0	0.782767152	293.201136	293.200542	293.199602	293.201136	0.00112398398	0	0	0	0.859183	0	0	3
50	19	0	0.798741992	293.201158	293.20059	293.199704	293.201158	0.00115753483	0	0	0	0.856876	0	0	3
51	20	0	0.814716832	293.201186	293.200637	293.199729	293.201186	0.00118902162	0	0	0	0.851472	0	0	3
52	20	0	0.830691672	293.201206	293.200683	293.199818	293.201206	0.00121755502	0	0	0	0.825748	0	0	3
53	20	0	0.846666512	293.201231	293.200727	293.199882	293.201231	0.00124278662	0	0	0	0.846217	0	0	3
54	21	0	0.862641351	293.20125	293.20077	293.199959	293.20125	0.00126489395	0	0	0	0.83119	0	0	3
55	21	0	0.878616191	293.201274	293.200811	293.200029	293.201274	0.00124467612	0	0	0	0.845683	0	0	3
56	21	0	0.894591031	293.20129	293.20085	293.200098	293.20129	0.00119236897	0	0	0	0.829828	0	0	3
57	22	0	0.910565871	293.201313	293.200888	293.200181	293.201313	0.00113208899	0	0	0	0.849227	0	0	3
58	22	0	0.926540711	293.201328	293.200924	293.200268	293.201328	0.00105927023	0	0	0	0.827247	0	0	3
59	22	0	0.942515551	293.201349	293.200958	293.200353	293.201349	0.000995424779	0	0	0	0.852094	0	0	3
60	23	0	0.95849039	293.201362	293.200989	293.200425	293.201362	0.000937438962	0	0	0	0.822954	0	0	3
61	23	0	0.97446523	293.201381	293.201019	293.200489	293.201381	0.000891664652	0	0	0	0.861951	0	0	3
62	23	0	0.99044007	293.201395	293.201047	293.200566	293.201395	0.000829007477	0	0	0	0.857796	0	0	3
63	24	0	1.00641491	293.201413	293.201074	293.200627	293.201413	0.000785934329	6.74833661e-05	0	0	0.8669	0	0	3
64	24	0	1.02238975	293.201427	293.201099	293.200676	293.201427	0.000750487668	6.78891784e-05	0	0	0.847067	0	0	3
65	25	0	1.03836459	293.201443	293.201123	293.200713	293.201443	0.000730877629	6.81410038e-05	0	0	0.842068	0	0	3
66	25	0	1.05433943	293.201454	293.201146	293.200746	293.201454	0.000707559182	6.83283531e-05	0	0	0.844813	0	0	3
67	25	0	1.07031427	293.201469	293.201169	293.200779	293.201469	0.000689825766	6.85372677e-05	0	0	0.838525	0	0	3
68	26	0	1.08628911	293.201479	293.20119	293.200812	293.201479	0.000666966412	6.8724602e-05	0	0	0.845121	0	0	3
69	26	0	1.10226395	293.201494	293.201212	293.200838	293.201494	0.000655941927	6.89226627e-05	0	0	0.843373	0	0	3
70	27	0	1.11823879	293.201502	293.201232	293.200867	293.201502	0.000635067706	6.90994089e-05	0	0	0.857256	0	0	3
71	27	0	1.13421363	293.201517	293.201253	293.20089	293.201517	0.000626589855	6.92858298e-05	0	0	0.869676	0	0	3
72	27	0	1.15018847	293.201525	293.201273	293.20092	293.201525	0.000605066803	6.94572606e-05	0	0	0.861264	0	0	3
73	28	0	1.16616331	293.201537	293.201292	293.200946	293.201537	0.000591377262	6.96327715e-05	0	0	0.868582	0	0	3
74	28	0	1.18213815	293.201545	293.201311	293.200979	293.201545	0.000566032538	6.97980459e-05	0	0	0.850671	0	0	3
75	29	0	1.19811299	293.201559	293.201329	293.201005	293.201559	0.000553681086	6.96551887e-05	0	0	0.841785	0	0	3
76	29	0	1.21408783	293.201566	293.201346	293.201036	293.201566	0.000529595185	6.95500972e-05	0	0	0.851353	0	0	3
77	30	0	1.23006267	293.201579	293.201363	293.201059	293.201579	0.000519855879	6.91744695e-05	0	0	0.843928	0	0	3
78	30	0	1.24603751	293.201587	293.20138	293.201088	293.201587	0.000498411956	6.88399051e-05	0	0	0.852702	0	0	3
79	30	0	1.26201235	293.201598	293.201396	293.201109	293.201598	0.000488823327	6.83333933e-05	0	0	0.844079	0	0	3
80	31	0	1.27798719	293.201602	293.201411	293.201136	293.201602	0.000466536122	6.78443677e-05	0	0	0.86293	0	0	3
81	31	0	1.29396203	293.201614	293.201426	293.201158	293.201614	0.0004561176	6.74833661e-05	0	0	0.871971	0	0	3
82	32	0	1.30993687	293.201619	293.20144	293.201186	293.201619	0.000433081526	6.74833661e-05	0	0	0.866711	0	0	3
83	32	0	1.32591171	293.201633	293.201454	293.201206	293.201633	0.000426537761	6.74833661e-05	0	0	0.852559	0	0	3
