Iteration	CPUTime	PhysTime	Travels	Value	AvValue	MinValue	MaxValue	Delta	Criteria	Progress	dGMaxMin	CriteriaType	CriteriaVarType	CriteriaPercentage
1	3	0	0.0159748398	560353.235	560353.235	560353.235	560353.235	0	0	0	0	6.35709e+07	0	0	3
2	3	0	0.0319496797	641889.442	601121.338	560353.235	641889.442	40768.1034	0	0	0	4.426e+07	0	0	3
3	4	0	0.0479245195	672131.38	624791.352	560353.235	672131.38	64438.1171	0	0	0	3.62308e+07	0	0	3
4	4	0	0.0638993594	679568.743	638485.7	560353.235	679568.743	78132.4648	0	0	0	2.53521e+07	0	0	3
5	4	0	0.0798741992	678944.177	646577.395	560353.235	679568.743	86224.1602	0	0	0	2.29511e+07	0	0	3
6	5	0	0.095849039	680946.752	652305.621	560353.235	680946.752	91952.3864	0	0	0	1.65459e+07	0	0	3
7	5	0	0.111823879	679181.195	656144.989	560353.235	680946.752	95791.7541	0	0	0	1.16897e+07	0	0	3
8	5	0	0.127798719	679484.007	659062.366	560353.235	680946.752	98709.1313	0	0	0	8.09976e+06	0	0	3
9	6	0	0.143773559	678637.543	661237.386	560353.235	680946.752	100884.151	0	0	0	8.40614e+06	0	0	3
10	6	0	0.159748398	679227.46	663036.393	560353.235	680946.752	102683.158	0	0	0	8.43387e+06	0	0	3
11	6	0	0.175723238	678613.639	664452.507	560353.235	680946.752	104099.272	0	0	0	8.33157e+06	0	0	3
12	7	0	0.191698078	678923.777	665658.446	560353.235	680946.752	105305.211	0	0	0	8.4161e+06	0	0	3
13	7	0	0.207672918	678498.959	666646.178	560353.235	680946.752	106292.943	0	0	0	7.93962e+06	0	0	3
14	7	0	0.223647758	678860.152	667518.604	560353.235	680946.752	107165.369	0	0	0	7.52214e+06	0	0	3
15	8	0	0.239622598	678428.62	668245.939	560353.235	680946.752	107892.704	0	0	0	6.42336e+06	0	0	3
16	8	0	0.255597437	678678.087	668897.948	560353.235	680946.752	108544.713	0	0	0	6.16548e+06	0	0	3
17	8	0	0.271572277	678383.765	669455.937	560353.235	680946.752	109102.702	0	0	0	5.71477e+06	0	0	3
18	9	0	0.287547117	678493.078	669958.001	560353.235	680946.752	109604.766	0	0	0	5.64503e+06	0	0	3
19	9	0	0.303521957	678240.666	670393.93	560353.235	680946.752	110040.695	0	0	0	5.61869e+06	0	0	3
20	9	0	0.319496797	678319.476	670790.208	560353.235	680946.752	110436.973	0	0	0	5.61521e+06	0	0	3
21	10	0	0.335471637	678174.678	671141.849	560353.235	680946.752	110788.614	0	0	0	5.59219e+06	0	0	3
22	10	0	0.351446476	678115.802	671458.847	560353.235	680946.752	111105.612	0	0	0	5.58616e+06	0	0	3
23	10	0	0.367421316	677987.079	671742.683	560353.235	680946.752	111389.448	0	0	0	5.56646e+06	0	0	3
24	11	0	0.383396156	677880.692	671998.433	560353.235	680946.752	111645.198	0	0	0	5.55915e+06	0	0	3
25	11	0	0.399370996	677777.729	672229.605	560353.235	680946.752	111876.37	0	0	0	5.55749e+06	0	0	3
26	11	0	0.415345836	677706.679	672440.262	560353.235	680946.752	112087.027	0	0	0	5.55067e+06	0	0	3
27	12	0	0.431320676	677603.387	672631.489	560353.235	680946.752	112278.254	0	0	0	5.5504e+06	0	0	3
28	12	0	0.447295516	677485.882	672804.86	560353.235	680946.752	112451.625	0	0	0	5.54849e+06	0	0	3
29	12	0	0.463270355	677404.397	672963.465	560353.235	680946.752	112610.23	0	0	0	5.54396e+06	0	0	3
30	12	0	0.479245195	677323.774	673108.808	560353.235	680946.752	112755.573	0	0	0	5.53694e+06	0	0	3
31	13	0	0.495220035	677250.603	673242.415	560353.235	680946.752	112889.18	0	0	0	5.52701e+06	0	0	3
32	13	0	0.511194875	677184.588	673365.608	560353.235	680946.752	113012.373	0	0	0	5.50133e+06	0	0	3
33	13	0	0.527169715	677158.72	677015.779	641889.442	680946.752	39057.3106	0	0	0	5.4945e+06	0	0	3
34	14	0	0.543144555	677140.05	678117.36	672131.38	680946.752	8815.37273	0	0	0	5.47868e+06	0	0	3
35	14	0	0.559119394	677133.625	678273.681	677133.625	680946.752	3813.12763	0	0	0	5.47722e+06	0	0	3
36	15	0	0.575094234	677128.444	678197.421	677128.444	680946.752	3818.30836	0	0	0	5.47119e+06	0	0	3
37	15	0	0.591069074	677125.683	678140.593	677125.683	680946.752	3821.06891	0	0	0	5.47054e+06	0	0	3
38	15	0	0.607043914	677106.527	678020.586	677106.527	679484.007	2377.48021	0	0	0	5.46641e+06	0	0	3
39	16	0	0.623018754	677092.124	677955.303	677092.124	679484.007	2391.88307	0	0	0	5.46497e+06	0	0	3
40	16	0	0.638993594	677063.864	677879.673	677063.864	679227.46	2163.5958	0	0	0	5.46113e+06	0	0	3
41	16	0	0.654968433	677059.004	677830.344	677059.004	679227.46	2168.45564	0	0	0	5.45941e+06	0	0	3
42	17	0	0.670943273	677040.226	677761.993	677040.226	678923.777	1883.55096	0	0	0	5.45171e+06	0	0	3
43	17	0	0.686918113	677026.215	677712.386	677026.215	678923.777	1897.56258	0	0	0	5.44896e+06	0	0	3
44	17	0	0.702892953	677001.718	677652.322	677001.718	678860.152	1858.43422	0	0	0	5.44104e+06	0	0	3
45	18	0	0.718867793	676987.375	677605.085	676987.375	678860.152	1872.77795	0	0	0	5.43866e+06	0	0	3
46	18	0	0.734842633	676971.078	677546.051	676971.078	678678.087	1707.009	0	0	0	5.43365e+06	0	0	3
47	18	0	0.750817473	676962.298	677500.229	676962.298	678678.087	1715.78848	0	0	0	5.43292e+06	0	0	3
48	19	0	0.766792312	676946.539	677446.118	676946.539	678493.078	1546.53905	0	0	0	5.43016e+06	0	0	3
49	19	0	0.782767152	676934.104	677400.816	676934.104	678493.078	1558.97407	0	0	0	5.42859e+06	0	0	3
50	19	0	0.798741992	676910.442	677351.358	676910.442	678319.476	1409.0334	0	0	0	5.42626e+06	0	0	3
51	20	0	0.814716832	676893.954	677309.274	676893.954	678319.476	1425.52168	0	0	0	5.42686e+06	0	0	3
52	20	0	0.830691672	676872.129	677264.044	676872.129	678174.678	1302.549	0	0	0	5.42401e+06	0	0	3
53	20	0	0.846666512	676857.521	677222.883	676857.521	678115.802	1258.28063	0	0	0	5.4261e+06	0	0	3
54	21	0	0.862641351	676835.952	677182.888	676835.952	677987.079	1151.12679	0	0	0	5.42276e+06	0	0	3
55	21	0	0.878616191	676822.517	677146.495	676822.517	677880.692	1058.17472	0	0	0	5.42576e+06	0	0	3
56	21	0	0.894591031	676805.155	677112.885	676805.155	677777.729	972.573884	0	0	0	5.4239e+06	0	0	3
57	22	0	0.910565871	676789.727	677082.009	676789.727	677706.679	916.951665	0	0	0	5.42634e+06	0	0	3
58	22	0	0.926540711	676774.568	677052.881	676774.568	677603.387	828.819403	0	0	0	5.42468e+06	0	0	3
59	22	0	0.942515551	676765.419	677026.694	676765.419	677485.882	720.463788	0	0	0	5.42562e+06	0	0	3
60	23	0	0.95849039	676750.661	677003.719	676750.661	677404.397	653.736059	0	0	0	5.42459e+06	0	0	3
61	23	0	0.97446523	676738.618	676982.913	676738.618	677323.774	585.156176	0	0	0	5.42588e+06	0	0	3
62	23	0	0.99044007	676722.551	676964.125	676722.551	677250.603	528.051492	0	0	0	5.422e+06	0	0	3
63	24	0	1.00641491	676713.181	676947.331	676713.181	677184.588	471.407684	264.461182	0	0	5.42475e+06	0	0	3
64	24	0	1.02238975	676703.72	676932.303	676703.72	677158.72	455.000473	264.461182	0	0	5.42127e+06	0	0	3
65	25	0	1.03836459	676693.43	676917.763	676693.43	677140.05	446.619924	264.461182	0	0	5.42412e+06	0	0	3
66	25	0	1.05433943	676688.038	676903.638	676688.038	677133.625	445.586689	264.461182	0	0	5.42138e+06	0	0	3
67	25	0	1.07031427	676680.704	676889.484	676680.704	677128.444	447.740043	264.461182	0	0	5.42281e+06	0	0	3
68	26	0	1.08628911	676673.047	676875.253	676673.047	677125.683	452.636837	264.461182	0	0	5.42018e+06	0	0	3
69	26	0	1.10226395	676668.43	676860.964	676668.43	677106.527	438.096498	264.461182	0	0	5.42031e+06	0	0	3
70	27	0	1.11823879	676658.03	676846.948	676658.03	677092.124	434.094233	264.461182	0	0	5.41774e+06	0	0	3
71	27	0	1.13421363	676653.137	676833.23	676653.137	677063.864	410.727687	264.461182	0	0	5.41909e+06	0	0	3
72	27	0	1.15018847	676645.712	676820.162	676645.712	677059.004	413.29245	264.461182	0	0	5.41528e+06	0	0	3
73	28	0	1.16616331	676645.973	676807.255	676645.712	677040.226	394.514475	264.461182	0	0	5.41677e+06	0	0	3
74	28	0	1.18213815	676642.089	676794.813	676642.089	677026.215	384.12599	264.461182	0	0	5.4112e+06	0	0	3
75	29	0	1.19811299	676635.938	676782.617	676635.938	677001.718	365.78006	264.461182	0	0	5.41224e+06	0	0	3
76	29	0	1.21408783	676632.185	676771.069	676632.185	676987.375	355.189283	264.461182	0	0	5.40809e+06	0	0	3
77	30	0	1.23006267	676624.677	676759.735	676624.677	676971.078	346.400484	264.461182	0	0	5.40892e+06	0	0	3
78	30	0	1.24603751	676618.412	676748.714	676618.412	676962.298	343.885971	264.461182	0	0	5.404e+06	0	0	3
79	30	0	1.26201235	676617.581	676737.942	676617.581	676946.539	328.958129	264.461182	0	0	5.40423e+06	0	0	3
80	31	0	1.27798719	676612.902	676727.516	676612.902	676934.104	321.202391	264.461182	0	0	5.40087e+06	0	0	3
81	31	0	1.29396203	676611.527	676717.435	676611.527	676910.442	298.915468	264.461182	0	0	5.40169e+06	0	0	3
82	32	0	1.30993687	676605.719	676707.913	676605.719	676893.954	288.234789	264.461182	0	0	5.39694e+06	0	0	3
83	32	0	1.32591171	676605.091	676698.886	676605.091	676872.129	267.037886	264.461182	0	0	5.39783e+06	0	0	3
