Iteration	CPUTime	PhysTime	Travels	Value	AvValue	MinValue	MaxValue	Delta	Criteria	Progress	dGMaxMin	CriteriaType	CriteriaVarType	CriteriaPercentage
1	2	0	0.0165246764	19.2560378	19.2560378	19.2560378	19.2560378	0	0	0	0	47.998	0	0	3
2	2	0	0.0330493528	19.2516952	19.2538665	19.2516952	19.2560378	0.0021713027	0	0	0	45.8325	0	0	3
3	3	0	0.0495740293	19.249537	19.2524233	19.249537	19.2560378	0.00361447725	0	0	0	44.3513	0	0	3
4	3	0	0.0660987057	19.2478839	19.2512885	19.2478839	19.2560378	0.00474934561	0	0	0	43.3252	0	0	3
5	3	0	0.0826233821	19.2464698	19.2503247	19.2464698	19.2560378	0.00571308624	0	0	0	42.0211	0	0	3
6	4	0	0.0991480585	19.2461951	19.2496365	19.2461951	19.2560378	0.0064013658	0	0	0	40.0286	0	0	3
7	4	0	0.115672735	19.2469534	19.2492532	19.2461951	19.2560378	0.00678466474	0	0	0	37.8488	0	0	3
8	4	0	0.132197411	19.2484583	19.2491538	19.2461951	19.2560378	0.00688402592	0	0	0	39.366	0	0	3
9	4	0	0.148722088	19.2502799	19.2492789	19.2461951	19.2560378	0.00688402592	0	0	0	41.0192	0	0	3
10	5	0	0.165246764	19.2523006	19.2495811	19.2461951	19.2560378	0.00688402592	0	0	0	42.3235	0	0	3
11	5	0	0.181771441	19.2551088	19.2500836	19.2461951	19.2560378	0.00688402592	0	0	0	43.7526	0	0	3
12	5	0	0.198296117	19.2577088	19.250719	19.2461951	19.2577088	0.00688402592	0	0	0	44.7534	0	0	3
13	6	0	0.214820794	19.2598776	19.2514235	19.2461951	19.2598776	0.00688402592	0	0	0	45.4452	0	0	3
14	6	0	0.23134547	19.2614787	19.2521418	19.2461951	19.2614787	0.00688402592	0	0	0	45.8847	0	0	3
15	6	0	0.247870146	19.262597	19.2528388	19.2461951	19.262597	0.00688402592	0	0	0	46.1739	0	0	3
16	6	0	0.264394823	19.2632714	19.2534908	19.2461951	19.2632714	0.00688402592	0	0	0	46.4133	0	0	3
17	7	0	0.280919499	19.2635402	19.254082	19.2461951	19.2635402	0.00688402592	0	0	0	46.5411	0	0	3
18	7	0	0.297444176	19.2638191	19.2546229	19.2461951	19.2638191	0.00688402592	0	0	0	46.6244	0	0	3
19	7	0	0.313968852	19.2639479	19.2551137	19.2461951	19.2639479	0.00688402592	0	0	0	46.6896	0	0	3
20	7	0	0.330493528	19.2640734	19.2555617	19.2461951	19.2640734	0.00688402592	0	0	0	46.75	0	0	3
21	8	0	0.347018205	19.2643355	19.2559795	19.2461951	19.2643355	0.00688402592	0	0	0	46.7564	0	0	3
22	8	0	0.363542881	19.2642571	19.2563558	19.2461951	19.2643355	0.00720195168	0	0	0	46.7585	0	0	3
23	8	0	0.380067558	19.2643363	19.2567027	19.2461951	19.2643363	0.00754893298	0	0	0	46.7216	0	0	3
24	9	0	0.396592234	19.2645921	19.2570315	19.2461951	19.2645921	0.00787765733	0	0	0	46.597	0	0	3
25	9	0	0.413116911	19.2647542	19.2573404	19.2461951	19.2647542	0.00818656884	0	0	0	46.5772	0	0	3
26	9	0	0.429641587	19.2653316	19.2576477	19.2461951	19.2653316	0.0084939223	0	0	0	46.4082	0	0	3
27	9	0	0.446166263	19.2657085	19.2579463	19.2461951	19.2657085	0.00879246928	0	0	0	46.36	0	0	3
28	10	0	0.46269094	19.2659359	19.2582316	19.2461951	19.2659359	0.00907781183	0	0	0	46.2571	0	0	3
29	10	0	0.479215616	19.2662193	19.258507	19.2461951	19.2662193	0.00935325059	0	0	0	46.148	0	0	3
30	10	0	0.495740293	19.26643	19.2587711	19.2461951	19.26643	0.00961734774	0	0	0	46.058	0	0	3
31	11	0	0.512264969	19.267221	19.2590437	19.2461951	19.267221	0.00988992453	0	0	0	45.9335	0	0	3
32	11	0	0.528789646	19.2671871	19.2594034	19.2461951	19.267221	0.0102495779	0	0	0	45.8407	0	0	3
33	11	0	0.545314322	19.2677446	19.2599211	19.2461951	19.2677446	0.0107672998	0	0	0	45.7485	0	0	3
34	11	0	0.561838998	19.2676921	19.2605067	19.2461951	19.2677446	0.0113529478	0	0	0	45.6765	0	0	3
35	12	0	0.578363675	19.2678149	19.2611497	19.2461951	19.2678149	0.0119958845	0	0	0	45.5358	0	0	3
36	12	0	0.594888351	19.2677666	19.2618367	19.2461951	19.2678149	0.0126828785	0	0	0	45.4593	0	0	3
37	12	0	0.611413028	19.2680436	19.2625415	19.2469534	19.2680436	0.0133876716	0	0	0	45.3967	0	0	3
38	13	0	0.627937704	19.2683203	19.2632307	19.2484583	19.2683203	0.0140769281	0	0	0	45.4435	0	0	3
39	13	0	0.644462381	19.2682523	19.2638692	19.2502799	19.2683203	0.0145903252	0	0	0	45.3077	0	0	3
40	13	0	0.660987057	19.2682138	19.2644478	19.2523006	19.2683203	0.0148666744	0	0	0	45.2772	0	0	3
41	13	0	0.677511733	19.2684082	19.2649674	19.2551088	19.2684082	0.013299351	0	0	0	45.2314	0	0	3
42	14	0	0.69403641	19.2685035	19.2653994	19.2577088	19.2685035	0.0107946815	0	0	0	45.3166	0	0	3
43	14	0	0.710561086	19.2685348	19.2657487	19.2598776	19.2685348	0.00865719252	0	0	0	45.3138	0	0	3
44	14	0	0.727085763	19.2683097	19.2660207	19.2614787	19.2685348	0.00705600363	0	0	0	45.35	0	0	3
45	15	0	0.743610439	19.2686651	19.2662525	19.262597	19.2686651	0.00606803072	0	0	0	45.3104	0	0	3
46	15	0	0.760135116	19.26848	19.2664423	19.2632714	19.2686651	0.00539363319	0	0	0	45.3034	0	0	3
47	15	0	0.776659792	19.268595	19.266614	19.2635402	19.2686651	0.00512487192	0	0	0	45.2684	0	0	3
48	16	0	0.793184468	19.2686498	19.2667788	19.2638191	19.2686651	0.00484592145	0	0	0	45.3063	0	0	3
49	16	0	0.809709145	19.2684743	19.266929	19.2639479	19.2686651	0.00471711926	0	0	0	45.2406	0	0	3
50	16	0	0.826233821	19.2688944	19.2670885	19.2640734	19.2688944	0.00482092551	0	0	0	45.2366	0	0	3
51	16	0	0.842758498	19.2689076	19.2672445	19.2642571	19.2689076	0.00465049646	0	0	0	45.1774	0	0	3
52	17	0	0.859283174	19.2689279	19.2673926	19.2642571	19.2689279	0.00467082585	0	0	0	45.1988	0	0	3
53	17	0	0.875807851	19.2688773	19.2675417	19.2643363	19.2689279	0.00459158202	0	0	0	45.1195	0	0	3
54	17	0	0.892332527	19.2687774	19.2676849	19.2645921	19.2689279	0.00433578598	0	0	0	45.1265	0	0	3
55	18	0	0.908857203	19.2688345	19.2678218	19.2647542	19.2689279	0.00417365861	0	0	0	45.0613	0	0	3
56	18	0	0.92538188	19.2691518	19.2679636	19.2653316	19.2691518	0.00382019589	0	0	0	45.0801	0	0	3
57	18	0	0.941906556	19.2686342	19.2680702	19.2657085	19.2691518	0.00344326417	0	0	0	44.9675	0	0	3
58	19	0	0.958431233	19.2688852	19.2681726	19.2659359	19.2691518	0.00321589409	0	0	0	44.9516	0	0	3
59	19	0	0.974955909	19.2690519	19.2682732	19.2662193	19.2691518	0.00293241892	0	0	0	44.9267	0	0	3
60	19	0	0.991480585	19.2686433	19.2683513	19.26643	19.2691518	0.00272178952	0	0	0	44.9542	0	0	3
61	19	0	1.00800526	19.2685237	19.2684189	19.2671871	19.2691518	0.0019646745	0.000688700773	0	35	44.9048	0	0	3
62	20	0	1.02452994	19.26845	19.2684585	19.2671871	19.2691518	0.0019646745	0.000688700773	0	35	44.982	0	0	3
63	20	0	1.04105461	19.2683426	19.2684958	19.2676921	19.2691518	0.00145966823	0.000688700773	0	47.1	44.8968	0	0	3
64	20	0	1.05757929	19.2684523	19.2685186	19.2676921	19.2691518	0.00145966823	0.000688700773	0	47.1	44.8989	0	0	3
65	21	0	1.07410397	19.2687233	19.2685519	19.2677666	19.2691518	0.00138516198	0.000688700773	0	49.7	44.8636	0	0	3
66	21	0	1.09062864	19.268253	19.268566	19.2677666	19.2691518	0.00138516198	0.000688700773	0	49.7	44.8779	0	0	3
67	21	0	1.10715332	19.268618	19.2685935	19.2680436	19.2691518	0.00110810715	0.000688700773	0	62.1	44.8921	0	0	3
68	22	0	1.123678	19.2681584	19.2685972	19.2681584	19.2691518	0.000993381882	0.000688700773	0	69.3	44.8329	0	0	3
69	22	0	1.14020267	19.2684756	19.2686022	19.2681584	19.2691518	0.000993381882	0.000688700773	0	69.3	44.8141	0	0	3
70	22	0	1.15672735	19.2683693	19.268606	19.2681584	19.2691518	0.000993381882	0.000688700773	0	69.3	44.8637	0	0	3
71	23	0	1.17325203	19.2680339	19.2686002	19.2680339	19.2691518	0.00111785528	0.000688700773	0	61.6	44.802	0	0	3
72	23	0	1.1897767	19.2679332	19.2685849	19.2679332	19.2691518	0.00121850459	0.000688700773	0	56.5	44.8804	0	0	3
73	23	0	1.20630138	19.2677975	19.2685621	19.2677975	19.2691518	0.00135424497	0.000688700773	0	50.8	44.7863	0	0	3
74	24	0	1.22282606	19.2682297	19.2685522	19.2677975	19.2691518	0.00135424497	0.000688700773	0	50.8	44.7963	0	0	3
75	24	0	1.23935073	19.2681631	19.2685475	19.2677975	19.2691518	0.00135424497	0.000688700773	0	50.8	44.7675	0	0	3
76	24	0	1.25587541	19.2680569	19.2685279	19.2677975	19.2691518	0.00135424497	0.000688700773	0	50.8	44.8245	0	0	3
77	25	0	1.27240008	19.2679173	19.2685097	19.2677975	19.2691518	0.00135424497	0.000688700773	0	50.8	44.8475	0	0	3
78	25	0	1.28892476	19.2681418	19.2684951	19.2677975	19.2691518	0.00135424497	0.000688700773	0	50.8	44.8385	0	0	3
79	26	0	1.30544944	19.2678481	19.2684693	19.2677975	19.2691518	0.00135424497	0.000688700773	0	50.8	44.8216	0	0	3
80	26	0	1.32197411	19.2677815	19.2684469	19.2677815	19.2691518	0.00137020834	0.000688700773	0	50.2	44.8375	0	0	3
81	26	0	1.33849879	19.2674987	19.2684019	19.2674987	19.2691518	0.00136149938	0.000688700773	0	50.5	44.8259	0	0	3
82	27	0	1.35502347	19.2672978	19.26835	19.2672978	19.2691518	0.00121335587	0.000688700773	0	56.7	44.9077	0	0	3
83	27	0	1.37154814	19.2675367	19.2683051	19.2672978	19.2691518	0.00106431692	0.000688700773	0	64.7	44.823	0	0	3
84	27	0	1.38807282	19.2672363	19.2682522	19.2672363	19.2691518	0.000921056992	0.000688700773	0	74.7	44.8209	0	0	3
85	28	0	1.4045975	19.2672712	19.2682036	19.2672363	19.2691518	0.000784207199	0.000688700773	0	87.8	44.7902	0	0	3
86	28	0	1.42112217	19.2670224	19.2681451	19.2670224	19.2691518	0.000642352043	0.000688700773	0	100	44.8209	0	0	3
