Iteration	CPUTime	PhysTime	Travels	Value	AvValue	MinValue	MaxValue	Delta	Criteria	Progress	dGMaxMin	CriteriaType	CriteriaVarType	CriteriaPercentage
1	3	0	0.015889109	1311.08928	1311.08928	1311.08928	1311.08928	0	0	0	0	0	0	0	3
2	3	0	0.031778218	1311.84379	1311.46653	1311.08928	1311.84379	0.377257512	0	0	0	0	0	0	3
3	3	0	0.0476673269	1312.01721	1311.65009	1311.08928	1312.01721	0.560815628	0	0	0	0	0	0	3
4	4	0	0.0635564359	1312.35632	1311.82665	1311.08928	1312.35632	0.737373296	0	0	0	0	0	0	3
5	4	0	0.0794455449	1312.82799	1312.02692	1311.08928	1312.82799	0.937642388	0	0	0	0	0	0	3
6	4	0	0.0953346539	1313.66478	1312.2999	1311.08928	1313.66478	1.21061974	0	0	0	0	0	0	3
7	5	0	0.111223763	1314.81092	1312.65861	1311.08928	1314.81092	1.56933795	0	0	0	0	0	0	3
8	5	0	0.127112872	1316.47817	1313.13606	1311.08928	1316.47817	2.04678195	0	0	0	0	0	0	3
9	5	0	0.143001981	1317.63871	1313.63635	1311.08928	1317.63871	2.54707701	0	0	0	0	0	0	3
10	5	0	0.15889109	1318.93693	1314.16641	1311.08928	1318.93693	3.07713511	0	0	0	0	0	0	3
11	6	0	0.174780199	1319.59605	1314.66001	1311.08928	1319.59605	3.57073871	0	0	0	0	0	0	3
12	6	0	0.190669308	1320.44715	1315.14228	1311.08928	1320.44715	4.05300002	0	0	0	0	0	0	3
13	6	0	0.206558417	1320.93465	1315.58784	1311.08928	1320.93465	4.49856742	0	0	0	0	0	0	3
14	6	0	0.222447526	1321.42223	1316.00458	1311.08928	1321.42223	4.91530948	0	0	0	0	0	0	3
15	7	0	0.238336635	1321.15984	1316.34827	1311.08928	1321.42223	5.25899347	0	0	0	0	0	0	3
16	7	0	0.254225744	1321.78057	1316.68779	1311.08928	1321.78057	5.59851228	0	0	0	0	0	0	3
17	7	0	0.270114853	1320.93255	1316.93748	1311.08928	1321.78057	5.84820437	0	0	0	0	0	0	3
18	8	0	0.286003962	1320.94732	1317.16025	1311.08928	1321.78057	6.07097305	0	0	0	0	0	0	3
19	8	0	0.301893071	1320.64582	1317.3437	1311.08928	1321.78057	6.25442402	0	0	0	0	0	0	3
20	8	0	0.31778218	1320.54998	1317.50401	1311.08928	1321.78057	6.41473824	0	0	0	0	0	0	3
21	8	0	0.333671289	1320.40037	1317.64194	1311.08928	1321.78057	6.55265973	0	0	0	0	0	0	3
22	9	0	0.349560398	1320.33692	1317.76443	1311.08928	1321.78057	6.67515885	0	0	0	0	0	0	3
23	9	0	0.365449506	1320.31042	1317.87513	1311.08928	1321.78057	6.78585405	0	0	0	0	0	0	3
24	9	0	0.381338615	1320.14338	1317.96964	1311.08928	1321.78057	6.88036469	0	0	0	0	0	0	3
25	10	0	0.397227724	1319.69209	1318.03854	1311.08928	1321.78057	6.94926286	0	0	0	0	0	0	3
26	10	0	0.413116833	1319.96088	1318.11247	1311.08928	1321.78057	7.02319921	0	0	0	0	0	0	3
27	10	0	0.429005942	1318.9986	1318.14529	1311.08928	1321.78057	7.05601878	0	0	0	0	0	0	3
28	10	0	0.444895051	1319.03881	1318.17721	1311.08928	1321.78057	7.08793014	0	0	0	0	0	0	3
29	11	0	0.46078416	1318.87956	1318.20142	1311.08928	1321.78057	7.11214916	0	0	0	0	0	0	3
30	11	0	0.476673269	1318.86259	1318.22346	1311.08928	1321.78057	7.13418806	0	0	0	0	0	0	3
31	11	0	0.492562378	1318.93907	1318.24655	1311.08928	1321.78057	7.15727218	0	0	0	0	0	0	3
32	11	0	0.508451487	1319.31834	1318.28004	1311.08928	1321.78057	7.19076568	0	0	0	0	0	0	3
33	12	0	0.524340596	1317.43767	1318.47843	1311.84379	1321.78057	7.01189565	0	0	0	0	0	0	3
34	12	0	0.540229705	1328.76024	1319.00707	1312.01721	1328.76024	7.35697642	0	0	0	0	0	0	3
35	12	0	0.556118814	1332.99566	1319.66264	1312.35632	1332.99566	7.83599545	0	0	0	0	0	0	3
36	13	0	0.572007923	1339.23135	1320.50249	1312.82799	1339.23135	8.47557102	0	0	0	0	0	0	3
37	13	0	0.587897032	1342.51127	1321.43009	1313.66478	1342.51127	9.13019597	0	0	0	0	0	0	3
38	13	0	0.603786141	1343.95826	1322.37676	1314.81092	1343.95826	9.71814905	0	0	0	0	0	0	3
39	13	0	0.61967525	1345.07161	1323.32241	1316.47817	1345.07161	10.1863517	0	0	0	0	0	0	3
40	14	0	0.635564359	1346.12204	1324.24878	1317.43767	1346.12204	10.6124278	0	0	0	0	0	0	3
41	14	0	0.651453468	1346.89405	1325.16301	1317.43767	1346.89405	10.9965989	0	0	0	0	0	0	3
42	14	0	0.667342577	1348.22581	1326.07829	1317.43767	1348.22581	11.4182725	0	0	0	0	0	0	3
43	15	0	0.683231686	1348.44908	1326.97994	1317.43767	1348.44908	11.8376683	0	0	0	0	0	0	3
44	15	0	0.699120795	1347.97627	1327.84023	1317.43767	1348.44908	12.252386	0	0	0	0	0	0	3
45	15	0	0.715009904	1347.46034	1328.66916	1317.43767	1348.44908	12.6645715	0	0	0	0	0	0	3
46	16	0	0.730899013	1348.56296	1329.5173	1317.43767	1348.56296	13.1690353	0	0	0	0	0	0	3
47	16	0	0.746788122	1348.05557	1330.3578	1317.43767	1348.56296	13.6700079	0	0	0	0	0	0	3
48	16	0	0.762677231	1349.83294	1331.23443	1317.43767	1349.83294	14.2969524	0	0	0	0	0	0	3
49	16	0	0.77856634	1348.26594	1332.0886	1317.43767	1349.83294	14.928352	0	0	0	0	0	0	3
50	17	0	0.794455449	1348.77031	1332.95807	1317.43767	1349.83294	15.6143695	0	0	0	0	0	0	3
51	17	0	0.810344558	1346.95137	1333.78012	1317.43767	1349.83294	16.2761037	0	0	0	0	0	0	3
52	17	0	0.826233667	1348.45246	1334.65207	1317.43767	1349.83294	17.0101346	0	0	0	0	0	0	3
53	18	0	0.842122776	1346.75107	1335.47553	1317.43767	1349.83294	17.7110948	0	0	0	0	0	0	3
54	18	0	0.858011885	1349.05559	1336.37299	1317.43767	1349.83294	18.4978583	0	0	0	0	0	0	3
55	18	0	0.873900994	1346.72682	1337.1985	1317.43767	1349.83294	19.2288599	0	0	0	0	0	0	3
56	19	0	0.889790103	1348.23824	1338.07646	1317.43767	1349.83294	20.0379259	0	0	0	0	0	0	3
57	19	0	0.905679212	1346.58809	1338.91696	1317.43767	1349.83294	20.8044893	0	0	0	0	0	0	3
58	19	0	0.921568321	1347.60434	1339.78082	1317.43767	1349.83294	21.6355278	0	0	0	0	0	0	3
59	19	0	0.93745743	1346.60745	1340.6436	1317.43767	1349.83294	22.466393	0	0	0	0	0	0	3
60	20	0	0.953346539	1347.60677	1341.53635	1317.43767	1349.83294	23.3349225	0	0	0	0	0	0	3
61	20	0	0.969235648	1345.87024	1342.37981	1317.43767	1349.83294	24.1563426	0	0	0	0	0	0	3
62	20	0	0.985124757	1348.15675	1343.29525	1317.43767	1349.83294	25.0487009	0	0	0	0	0	0	3
63	21	0	1.00101387	1346.86602	1344.16797	1317.43767	1349.83294	25.8879246	1.13447202	0	4.3	0	0	0	3
64	21	0	1.01690297	1348.1122	1345.06777	1317.43767	1349.83294	26.5893452	1.13447202	0	4.2	0	0	0	3
65	21	0	1.03279208	1346.68938	1345.98189	1328.76024	1349.83294	21.0727064	1.13447202	0	5.3	0	0	0	3
66	22	0	1.04868119	1347.77982	1346.57625	1332.99566	1349.83294	16.8372799	1.13447202	0	6.7	0	0	0	3
67	22	0	1.0645703	1346.35117	1346.99361	1339.23135	1349.83294	10.6015905	1.13447202	0	10.7	0	0	0	3
68	22	0	1.08045941	1347.89679	1347.26441	1342.51127	1349.83294	7.32167371	1.13447202	0	15.4	0	0	0	3
69	23	0	1.09634852	1346.70487	1347.39546	1343.95826	1349.83294	5.87467833	1.13447202	0	19.3	0	0	0	3
70	23	0	1.11223763	1348.11819	1347.52545	1345.07161	1349.83294	4.7613268	1.13447202	0	23.8	0	0	0	3
71	23	0	1.12812674	1346.2684	1347.56285	1345.87024	1349.83294	3.96269768	1.13447202	0	28.6	0	0	0	3
72	24	0	1.14401585	1348.21372	1347.62822	1345.87024	1349.83294	3.96269768	1.13447202	0	28.6	0	0	0	3
73	24	0	1.15990496	1346.09525	1347.60326	1345.87024	1349.83294	3.96269768	1.13447202	0	28.6	0	0	0	3
74	24	0	1.17579406	1347.93346	1347.59412	1345.87024	1349.83294	3.96269768	1.13447202	0	28.6	0	0	0	3
75	25	0	1.19168317	1345.49843	1347.50191	1345.49843	1349.83294	4.33451042	1.13447202	0	26.1	0	0	0	3
76	25	0	1.20757228	1347.93557	1347.50064	1345.49843	1349.83294	4.33451042	1.13447202	0	26.1	0	0	0	3
77	25	0	1.22346139	1345.89853	1347.45183	1345.49843	1349.83294	4.33451042	1.13447202	0	26.1	0	0	0	3
78	26	0	1.2393505	1347.89757	1347.43104	1345.49843	1349.83294	4.33451042	1.13447202	0	26.1	0	0	0	3
79	26	0	1.25523961	1345.52784	1347.35205	1345.49843	1349.83294	4.33451042	1.13447202	0	26.1	0	0	0	3
80	26	0	1.27112872	1347.58569	1347.28182	1345.49843	1349.05559	3.5571622	1.13447202	0	31.8	0	0	0	3
81	27	0	1.28701783	1345.28942	1347.18881	1345.28942	1349.05559	3.76617309	1.13447202	0	30.1	0	0	0	3
82	27	0	1.30290694	1347.44549	1347.14741	1345.28942	1349.05559	3.76617309	1.13447202	0	30.1	0	0	0	3
83	28	0	1.31879605	1345.44203	1347.10024	1345.28942	1349.05559	3.76617309	1.13447202	0	30.1	0	0	0	3
84	28	0	1.33468515	1347.30649	1347.06443	1345.28942	1349.05559	3.76617309	1.13447202	0	30.1	0	0	0	3
85	28	0	1.35057426	1344.84854	1347.00497	1344.84854	1349.05559	4.20705278	1.13447202	0	26.9	0	0	0	3
86	29	0	1.36646337	1346.81501	1346.93496	1344.84854	1348.23824	3.3896968	1.13447202	0	33.4	0	0	0	3
87	29	0	1.38235248	1345.19156	1346.88698	1344.84854	1348.23824	3.3896968	1.13447202	0	33.4	0	0	0	3
88	29	0	1.39824159	1347.43365	1346.86184	1344.84854	1348.21372	3.36517558	1.13447202	0	33.7	0	0	0	3
89	30	0	1.4141307	1344.95934	1346.81094	1344.84854	1348.21372	3.36517558	1.13447202	0	33.7	0	0	0	3
90	30	0	1.43001981	1346.87701	1346.78821	1344.84854	1348.21372	3.36517558	1.13447202	0	33.7	0	0	0	3
91	30	0	1.44590892	1345.20293	1346.74432	1344.84854	1348.21372	3.36517558	1.13447202	0	33.7	0	0	0	3
92	31	0	1.46179803	1347.02231	1346.72605	1344.84854	1348.21372	3.36517558	1.13447202	0	33.7	0	0	0	3
93	31	0	1.47768713	1344.72083	1346.69013	1344.72083	1348.21372	3.49288177	1.13447202	0	32.4	0	0	0	3
94	31	0	1.49357624	1346.69614	1346.64449	1344.72083	1348.21372	3.460253	1.13447202	0	32.7	0	0	0	3
95	32	0	1.50946535	1344.37286	1346.56658	1344.37286	1348.21372	2.56044488	1.13447202	0	44.3	0	0	0	3
96	32	0	1.52535446	1346.41052	1346.5134	1344.37286	1348.21372	1.646329	1.13447202	0	68.9	0	0	0	3
97	32	0	1.54124357	1344.18084	1346.43501	1344.18084	1348.21372	1.19320973	1.13447202	0	95	0	0	0	3
98	33	0	1.55713268	1346.38144	1346.39131	1344.18084	1348.21372	1.23690898	1.13447202	0	91.7	0	0	0	3
99	33	0	1.57302179	1344.2422	1346.3254	1344.18084	1348.21372	1.30281426	1.13447202	0	87	0	0	0	3
100	34	0	1.5889109	1346.2644	1346.27439	1344.18084	1348.21372	1.3538263	1.13447202	0	83.7	0	0	0	3
101	35	0	1.60480001	1344.64761	1346.2101	1344.18084	1348.21372	1.41811583	1.13447202	0	79.9	0	0	0	3
102	35	0	1.62068912	1346.50742	1346.15977	1344.18084	1348.21372	1.46845267	1.13447202	0	77.2	0	0	0	3
103	35	0	1.63657822	1343.92207	1346.08644	1343.92207	1348.21372	1.54177555	1.13447202	0	73.5	0	0	0	3
104	36	0	1.65246733	1346.06775	1346.01938	1343.92207	1347.93557	1.58387483	1.13447202	0	71.6	0	0	0	3
105	36	0	1.66835644	1344.11234	1345.95742	1343.92207	1347.93557	1.63670496	1.13447202	0	69.3	0	0	0	3
106	36	0	1.68424555	1346.1897	1345.90292	1343.92207	1347.93557	1.59898956	1.13447202	0	70.9	0	0	0	3
107	37	0	1.70013466	1343.8846	1345.85249	1343.8846	1347.93557	1.64814989	1.13447202	0	68.8	0	0	0	3
108	37	0	1.71602377	1345.98956	1345.79168	1343.8846	1347.89757	1.66015656	1.13447202	0	68.3	0	0	0	3
109	37	0	1.73191288	1343.93496	1345.73032	1343.8846	1347.89757	1.70072517	1.13447202	0	66.7	0	0	0	3
110	38	0	1.74780199	1345.91305	1345.6683	1343.8846	1347.58569	1.68374999	1.13447202	0	67.3	0	0	0	3
111	38	0	1.7636911	1343.47603	1345.60418	1343.47603	1347.58569	1.6776425	1.13447202	0	67.6	0	0	0	3
112	39	0	1.77958021	1345.19398	1345.52944	1343.47603	1347.44549	1.65936732	1.13447202	0	68.3	0	0	0	3
113	39	0	1.79546931	1343.46462	1345.47241	1343.46462	1347.44549	1.67499171	1.13447202	0	67.7	0	0	0	3
114	39	0	1.81135842	1345.59277	1345.41452	1343.46462	1347.43365	1.68572231	1.13447202	0	67.2	0	0	0	3
115	40	0	1.82724753	1343.23838	1345.34565	1343.23838	1347.43365	1.71877484	1.13447202	0	66	0	0	0	3
116	40	0	1.84313664	1345.01376	1345.27401	1343.23838	1347.43365	1.73096891	1.13447202	0	65.5	0	0	0	3
117	40	0	1.85902575	1342.55749	1345.20241	1342.55749	1347.43365	1.73254599	1.13447202	0	65.4	0	0	0	3
