Iteration	CPUTime	PhysTime	Travels	Value	AvValue	MinValue	MaxValue	Delta	Criteria	Progress	dGMaxMin	CriteriaType	CriteriaVarType	CriteriaPercentage
1	3	0	0.015889109	0	0	0	0	0	0	0	0	0	0	0	3
2	3	0	0.031778218	0	0	0	0	0	0	0	0	0	0	0	3
3	3	0	0.0476673269	0	0	0	0	0	0	0	0	0	0	0	3
4	4	0	0.0635564359	0	0	0	0	0	0	0	0	0	0	0	3
5	4	0	0.0794455449	0	0	0	0	0	0	0	0	0	0	0	3
6	4	0	0.0953346539	0	0	0	0	0	0	0	0	0	0	0	3
7	5	0	0.111223763	0	0	0	0	0	0	0	0	0	0	0	3
8	5	0	0.127112872	0	0	0	0	0	0	0	0	0	0	0	3
9	5	0	0.143001981	0	0	0	0	0	0	0	0	0	0	0	3
10	5	0	0.15889109	0	0	0	0	0	0	0	0	0	0	0	3
11	6	0	0.174780199	0	0	0	0	0	0	0	0	0	0	0	3
12	6	0	0.190669308	0	0	0	0	0	0	0	0	0	0	0	3
13	6	0	0.206558417	0	0	0	0	0	0	0	0	0	0	0	3
14	6	0	0.222447526	0	0	0	0	0	0	0	0	0	0	0	3
15	7	0	0.238336635	0	0	0	0	0	0	0	0	0	0	0	3
16	7	0	0.254225744	0	0	0	0	0	0	0	0	0	0	0	3
17	7	0	0.270114853	0	0	0	0	0	0	0	0	0	0	0	3
18	8	0	0.286003962	0	0	0	0	0	0	0	0	0	0	0	3
19	8	0	0.301893071	0	0	0	0	0	0	0	0	0	0	0	3
20	8	0	0.31778218	0	0	0	0	0	0	0	0	0	0	0	3
21	8	0	0.333671289	0	0	0	0	0	0	0	0	0	0	0	3
22	9	0	0.349560398	0	0	0	0	0	0	0	0	0	0	0	3
23	9	0	0.365449506	0	0	0	0	0	0	0	0	0	0	0	3
24	9	0	0.381338615	0	0	0	0	0	0	0	0	0	0	0	3
25	10	0	0.397227724	0	0	0	0	0	0	0	0	0	0	0	3
26	10	0	0.413116833	0	0	0	0	0	0	0	0	0	0	0	3
27	10	0	0.429005942	0	0	0	0	0	0	0	0	0	0	0	3
28	10	0	0.444895051	0	0	0	0	0	0	0	0	0	0	0	3
29	11	0	0.46078416	0	0	0	0	0	0	0	0	0	0	0	3
30	11	0	0.476673269	0	0	0	0	0	0	0	0	0	0	0	3
31	11	0	0.492562378	0	0	0	0	0	0	0	0	0	0	0	3
32	11	0	0.508451487	0	0	0	0	0	0	0	0	0	0	0	3
33	12	0	0.524340596	0	0	0	0	0	0	0	0	0	0	0	3
34	12	0	0.540229705	0	0	0	0	0	0	0	0	0	0	0	3
35	12	0	0.556118814	0	0	0	0	0	0	0	0	0	0	0	3
36	13	0	0.572007923	0	0	0	0	0	0	0	0	0	0	0	3
37	13	0	0.587897032	0	0	0	0	0	0	0	0	0	0	0	3
38	13	0	0.603786141	0	0	0	0	0	0	0	0	0	0	0	3
39	13	0	0.61967525	0	0	0	0	0	0	0	0	0	0	0	3
40	14	0	0.635564359	0	0	0	0	0	0	0	0	0	0	0	3
41	14	0	0.651453468	0	0	0	0	0	0	0	0	0	0	0	3
42	14	0	0.667342577	0	0	0	0	0	0	0	0	0	0	0	3
43	15	0	0.683231686	0	0	0	0	0	0	0	0	0	0	0	3
44	15	0	0.699120795	0	0	0	0	0	0	0	0	0	0	0	3
45	15	0	0.715009904	0	0	0	0	0	0	0	0	0	0	0	3
46	16	0	0.730899013	0	0	0	0	0	0	0	0	0	0	0	3
47	16	0	0.746788122	0	0	0	0	0	0	0	0	0	0	0	3
48	16	0	0.762677231	0	0	0	0	0	0	0	0	0	0	0	3
49	16	0	0.77856634	0	0	0	0	0	0	0	0	0	0	0	3
50	17	0	0.794455449	0	0	0	0	0	0	0	0	0	0	0	3
51	17	0	0.810344558	0	0	0	0	0	0	0	0	0	0	0	3
52	17	0	0.826233667	0	0	0	0	0	0	0	0	0	0	0	3
53	18	0	0.842122776	0	0	0	0	0	0	0	0	0	0	0	3
54	18	0	0.858011885	0	0	0	0	0	0	0	0	0	0	0	3
55	18	0	0.873900994	0	0	0	0	0	0	0	0	0	0	0	3
56	19	0	0.889790103	0	0	0	0	0	0	0	0	0	0	0	3
57	19	0	0.905679212	0	0	0	0	0	0	0	0	0	0	0	3
58	19	0	0.921568321	0	0	0	0	0	0	0	0	0	0	0	3
59	19	0	0.93745743	0	0	0	0	0	0	0	0	0	0	0	3
60	20	0	0.953346539	0	0	0	0	0	0	0	0	0	0	0	3
61	20	0	0.969235648	0	0	0	0	0	0	0	0	0	0	0	3
62	20	0	0.985124757	0	0	0	0	0	0	0	0	0	0	0	3
63	21	0	1.00101387	0	0	0	0	0	5e-06	0	0	0	0	0	3
64	21	0	1.01690297	0	0	0	0	0	5e-06	0	0	0	0	0	3
65	21	0	1.03279208	0	0	0	0	0	5e-06	0	0	0	0	0	3
66	22	0	1.04868119	0	0	0	0	0	5e-06	0	0	0	0	0	3
67	22	0	1.0645703	0	0	0	0	0	5e-06	0	0	0	0	0	3
68	22	0	1.08045941	0	0	0	0	0	5e-06	0	0	0	0	0	3
69	23	0	1.09634852	0	0	0	0	0	5e-06	0	0	0	0	0	3
70	23	0	1.11223763	0	0	0	0	0	5e-06	0	0	0	0	0	3
71	23	0	1.12812674	0	0	0	0	0	5e-06	0	0	0	0	0	3
72	24	0	1.14401585	0	0	0	0	0	5e-06	0	0	0	0	0	3
73	24	0	1.15990496	0	0	0	0	0	5e-06	0	0	0	0	0	3
74	24	0	1.17579406	0	0	0	0	0	5e-06	0	0	0	0	0	3
75	25	0	1.19168317	0	0	0	0	0	5e-06	0	0	0	0	0	3
76	25	0	1.20757228	0	0	0	0	0	5e-06	0	0	0	0	0	3
77	25	0	1.22346139	0	0	0	0	0	5e-06	0	0	0	0	0	3
78	26	0	1.2393505	0	0	0	0	0	5e-06	0	0	0	0	0	3
79	26	0	1.25523961	0	0	0	0	0	5e-06	0	0	0	0	0	3
80	26	0	1.27112872	0	0	0	0	0	5e-06	0	0	0	0	0	3
81	27	0	1.28701783	0	0	0	0	0	5e-06	0	0	0	0	0	3
82	27	0	1.30290694	0	0	0	0	0	5e-06	0	0	0	0	0	3
83	28	0	1.31879605	0	0	0	0	0	5e-06	0	0	0	0	0	3
84	28	0	1.33468515	0	0	0	0	0	5e-06	0	0	0	0	0	3
85	28	0	1.35057426	0	0	0	0	0	5e-06	0	0	0	0	0	3
86	29	0	1.36646337	0	0	0	0	0	5e-06	0	0	0	0	0	3
87	29	0	1.38235248	0	0	0	0	0	5e-06	0	0	0	0	0	3
88	29	0	1.39824159	0	0	0	0	0	5e-06	0	0	0	0	0	3
89	30	0	1.4141307	0	0	0	0	0	5e-06	0	0	0	0	0	3
90	30	0	1.43001981	0	0	0	0	0	5e-06	0	0	0	0	0	3
91	30	0	1.44590892	0	0	0	0	0	5e-06	0	0	0	0	0	3
92	31	0	1.46179803	0	0	0	0	0	5e-06	0	0	0	0	0	3
93	31	0	1.47768713	0	0	0	0	0	5e-06	0	0	0	0	0	3
94	31	0	1.49357624	0	0	0	0	0	5e-06	0	0	0	0	0	3
95	32	0	1.50946535	0	0	0	0	0	5e-06	0	0	0	0	0	3
96	32	0	1.52535446	0	0	0	0	0	5e-06	0	0	0	0	0	3
97	32	0	1.54124357	0	0	0	0	0	5e-06	0	0	0	0	0	3
98	33	0	1.55713268	0	0	0	0	0	5e-06	0	0	0	0	0	3
99	33	0	1.57302179	0	0	0	0	0	5e-06	0	0	0	0	0	3
100	34	0	1.5889109	0	0	0	0	0	5e-06	0	0	0	0	0	3
101	35	0	1.60480001	0	0	0	0	0	5e-06	0	0	0	0	0	3
102	35	0	1.62068912	0	0	0	0	0	5e-06	0	0	0	0	0	3
103	35	0	1.63657822	0	0	0	0	0	5e-06	0	0	0	0	0	3
104	36	0	1.65246733	0	0	0	0	0	5e-06	0	0	0	0	0	3
105	36	0	1.66835644	0	0	0	0	0	5e-06	0	0	0	0	0	3
106	36	0	1.68424555	0	0	0	0	0	5e-06	0	0	0	0	0	3
107	37	0	1.70013466	0	0	0	0	0	5e-06	0	0	0	0	0	3
108	37	0	1.71602377	0	0	0	0	0	5e-06	0	0	0	0	0	3
109	37	0	1.73191288	0	0	0	0	0	5e-06	0	0	0	0	0	3
110	38	0	1.74780199	0	0	0	0	0	5e-06	0	0	0	0	0	3
111	38	0	1.7636911	0	0	0	0	0	5e-06	0	0	0	0	0	3
112	39	0	1.77958021	0	0	0	0	0	5e-06	0	0	0	0	0	3
113	39	0	1.79546931	0	0	0	0	0	5e-06	0	0	0	0	0	3
114	39	0	1.81135842	0	0	0	0	0	5e-06	0	0	0	0	0	3
115	40	0	1.82724753	0	0	0	0	0	5e-06	0	0	0	0	0	3
116	40	0	1.84313664	0	0	0	0	0	5e-06	0	0	0	0	0	3
117	40	0	1.85902575	0	0	0	0	0	5e-06	0	0	0	0	0	3
