Iteration	CPUTime	PhysTime	Travels	Value	AvValue	MinValue	MaxValue	Delta	Criteria	Progress	dGMaxMin	CriteriaType	CriteriaVarType	CriteriaPercentage
1	3	0	0.0164542949	30.6518311	30.6518311	30.6518311	30.6518311	0	0	0	0	50.8794	0	0	3
2	3	0	0.0329085898	30.5478392	30.5998352	30.5478392	30.6518311	0.0519959675	0	0	0	50.8269	0	0	3
3	3	0	0.0493628846	30.675712	30.6251274	30.5478392	30.675712	0.0519959675	0	0	0	50.8059	0	0	3
4	4	0	0.0658171795	30.6657771	30.6352898	30.5478392	30.675712	0.0519959675	0	0	0	50.7807	0	0	3
5	4	0	0.0822714744	30.5611734	30.6204665	30.5478392	30.675712	0.0519959675	0	0	0	50.7211	0	0	3
6	4	0	0.0987257693	30.386323	30.5814426	30.386323	30.675712	0.0703885064	0	0	0	50.5497	0	0	3
7	5	0	0.115180064	30.2226147	30.5301815	30.2226147	30.675712	0.121649645	0	0	0	50.2736	0	0	3
8	5	0	0.131634359	30.0946851	30.4757444	30.0946851	30.675712	0.176086691	0	0	0	49.9147	0	0	3
9	5	0	0.148088654	30.0012608	30.423024	30.0012608	30.675712	0.228807097	0	0	0	49.4992	0	0	3
10	6	0	0.164542949	29.9256525	30.3732869	29.9256525	30.675712	0.278544249	0	0	0	49.0497	0	0	3
11	6	0	0.180997244	29.8362797	30.324468	29.8362797	30.675712	0.327363087	0	0	0	48.3667	0	0	3
12	6	0	0.197451539	29.8588627	30.2856676	29.8362797	30.675712	0.36616353	0	0	0	47.6981	0	0	3
13	7	0	0.213905833	29.827258	30.2504053	29.827258	30.675712	0.401425807	0	0	0	47.0577	0	0	3
14	7	0	0.230360128	29.7784723	30.2166958	29.7784723	30.675712	0.435135311	0	0	0	46.4434	0	0	3
15	7	0	0.246814423	29.7606472	30.1862926	29.7606472	30.675712	0.465538552	0	0	0	45.8617	0	0	3
16	7	0	0.263268718	29.7544675	30.1593035	29.7544675	30.675712	0.492527619	0	0	0	45.3632	0	0	3
17	8	0	0.279723013	29.7573797	30.1356609	29.7544675	30.675712	0.516170194	0	0	0	45.5239	0	0	3
18	8	0	0.296177308	29.7631581	30.1149663	29.7544675	30.675712	0.536864796	0	0	0	45.4866	0	0	3
19	8	0	0.312631603	29.7680526	30.0967077	29.7544675	30.675712	0.555123413	0	0	0	45.4936	0	0	3
20	9	0	0.329085898	29.7724365	30.0804942	29.7544675	30.675712	0.571336976	0	0	0	45.5451	0	0	3
21	9	0	0.345540193	29.7761569	30.0660019	29.7544675	30.675712	0.585829228	0	0	0	45.3565	0	0	3
22	9	0	0.361994487	29.7791006	30.0529609	29.7544675	30.675712	0.598870197	0	0	0	45.6292	0	0	3
23	10	0	0.378448782	29.784117	30.0412721	29.7544675	30.675712	0.610559065	0	0	0	45.5874	0	0	3
24	10	0	0.394903077	29.7855097	30.0306153	29.7544675	30.675712	0.621215832	0	0	0	46.1172	0	0	3
25	10	0	0.411357372	29.7896518	30.0209768	29.7544675	30.675712	0.630854372	0	0	0	46.9719	0	0	3
26	11	0	0.427811667	29.7885993	30.0120392	29.7544675	30.675712	0.639791966	0	0	0	48.0592	0	0	3
27	11	0	0.444265962	29.7919795	30.0038888	29.7544675	30.675712	0.647942323	0	0	0	48.878	0	0	3
28	11	0	0.460720257	29.7883714	29.9961918	29.7544675	30.675712	0.655639372	0	0	0	49.513	0	0	3
29	11	0	0.477174552	29.7906954	29.9891057	29.7544675	30.675712	0.662725454	0	0	0	49.9942	0	0	3
30	12	0	0.493628846	29.7848628	29.9822976	29.7544675	30.675712	0.669533549	0	0	0	50.3348	0	0	3
31	12	0	0.510083141	29.7880117	29.9760303	29.7544675	30.675712	0.675800836	0	0	0	50.6884	0	0	3
32	12	0	0.526537436	29.7842509	29.9480438	29.7544675	30.675712	0.687246008	0	0	0	50.9399	0	0	3
33	13	0	0.542991731	29.7853664	29.9234479	29.7544675	30.675712	0.711841904	0	0	0	51.0978	0	0	3
34	13	0	0.559446026	29.7792171	29.8945287	29.7544675	30.6657771	0.740761092	0	0	0	51.1738	0	0	3
35	13	0	0.575900321	29.7810219	29.8659883	29.7544675	30.5611734	0.754478287	0	0	0	51.2682	0	0	3
36	14	0	0.592354616	29.7760029	29.8406602	29.7544675	30.386323	0.631855501	0	0	0	51.2547	0	0	3
37	14	0	0.608808911	29.7739321	29.8209056	29.7544675	30.2226147	0.468147145	0	0	0	51.3085	0	0	3
38	14	0	0.625263205	29.7753134	29.8064766	29.7544675	30.0946851	0.34021761	0	0	0	51.2568	0	0	3
39	15	0	0.6417175	29.7680896	29.7959412	29.7544675	30.0012608	0.24679328	0	0	0	51.284	0	0	3
40	15	0	0.658171795	29.7656348	29.7883404	29.7544675	29.9256525	0.171185005	0	0	0	51.2372	0	0	3
41	15	0	0.67462609	29.754486	29.7828189	29.7544675	29.8588627	0.104395223	0	0	0	51.2736	0	0	3
42	16	0	0.691080385	29.7576972	29.780284	29.7544675	29.8588627	0.104395223	0	0	0	51.2547	0	0	3
43	16	0	0.70753468	29.7498713	29.7767681	29.7498713	29.827258	0.077386729	0	0	0	51.2501	0	0	3
44	16	0	0.723988975	29.7488052	29.7742374	29.7488052	29.7919795	0.0431743266	0	0	0	51.2085	0	0	3
45	16	0	0.74044327	29.7358155	29.7728614	29.7358155	29.7919795	0.0561639741	0	0	0	51.1887	0	0	3
46	17	0	0.756897565	29.7427381	29.7722836	29.7358155	29.7919795	0.0561639741	0	0	0	51.1504	0	0	3
47	17	0	0.773351859	29.7324398	29.7715731	29.7324398	29.7919795	0.0595396863	0	0	0	51.1789	0	0	3
48	17	0	0.789806154	29.7404921	29.7710283	29.7324398	29.7919795	0.0595396863	0	0	0	51.1702	0	0	3
49	18	0	0.806260449	29.7326877	29.7700454	29.7324398	29.7919795	0.0595396863	0	0	0	51.2046	0	0	3
50	18	0	0.822714744	29.7453973	29.7693146	29.7324398	29.7919795	0.0595396863	0	0	0	51.1616	0	0	3
51	18	0	0.839169039	29.7389856	29.7682355	29.7324398	29.7919795	0.0595396863	0	0	0	51.1967	0	0	3
52	19	0	0.855623334	29.748813	29.7673535	29.7324398	29.7919795	0.0595396863	0	0	0	51.1581	0	0	3
53	19	0	0.872077629	29.7409015	29.7661212	29.7324398	29.7919795	0.0595396863	0	0	0	51.2149	0	0	3
54	19	0	0.888531924	29.7522645	29.7650937	29.7324398	29.7919795	0.0595396863	0	0	0	51.142	0	0	3
55	20	0	0.904986218	29.7441084	29.7637582	29.7324398	29.7919795	0.0595396863	0	0	0	51.1754	0	0	3
56	20	0	0.921440513	29.7507938	29.7625047	29.7324398	29.7919795	0.0595396863	0	0	0	51.1548	0	0	3
57	20	0	0.937894808	29.7402462	29.7609449	29.7324398	29.7919795	0.0595396863	0	0	0	51.1647	0	0	3
58	21	0	0.954349103	29.7492561	29.7595668	29.7324398	29.7906954	0.0582555416	0	0	0	51.1836	0	0	3
59	21	0	0.970803398	29.7408061	29.7580324	29.7324398	29.7906954	0.0582555416	0	0	0	51.1824	0	0	3
60	21	0	0.987257693	29.7488748	29.7566833	29.7324398	29.7880117	0.055571833	0	0	0	51.1602	0	0	3
61	21	0	1.00371199	29.7368421	29.7551343	29.7324398	29.7880117	0.055571833	0.0282981643	0	50.9	51.1291	0	0	3
62	22	0	1.02016628	29.7427181	29.7536732	29.7324398	29.7853664	0.0529265744	0.0282981643	0	53.4	51.0609	0	0	3
63	22	0	1.03662058	29.7330992	29.7520232	29.7324398	29.7853664	0.0529265744	0.0282981643	0	53.4	51.0817	0	0	3
64	23	0	1.05307487	29.7424346	29.7506383	29.7324398	29.7810219	0.0485820437	0.0282981643	0	58.2	51.0086	0	0	3
65	23	0	1.06952917	29.7350255	29.7492127	29.7324398	29.7810219	0.0485820437	0.0282981643	0	58.2	51.0529	0	0	3
66	23	0	1.08598346	29.7455019	29.7480669	29.7324398	29.7760029	0.0435630992	0.0282981643	0	64.9	51.0129	0	0	3
67	24	0	1.10243776	29.7348409	29.7467391	29.7324398	29.7753134	0.0428735586	0.0282981643	0	66	51.08	0	0	3
68	24	0	1.11889205	29.739117	29.745616	29.7324398	29.7753134	0.0428735586	0.0282981643	0	66	51.0448	0	0	3
69	24	0	1.13534635	29.7245211	29.7439776	29.7245211	29.7680896	0.0435685369	0.0282981643	0	64.9	51.1032	0	0	3
70	25	0	1.15180064	29.7290883	29.7427195	29.7245211	29.7656348	0.0411136623	0.0282981643	0	68.8	51.0559	0	0	3
71	25	0	1.16825494	29.7156308	29.7411064	29.7156308	29.7576972	0.0417124438	0.0282981643	0	67.8	51.1224	0	0	3
72	25	0	1.18470923	29.7181918	29.7399357	29.7156308	29.7576972	0.0403483081	0.0282981643	0	70.1	51.0626	0	0	3
73	26	0	1.20116353	29.7091483	29.7383696	29.7091483	29.7522645	0.0383985493	0.0282981643	0	73.6	51.0939	0	0	3
74	26	0	1.21761782	29.724524	29.7375519	29.7091483	29.7522645	0.0366854683	0.0282981643	0	77.1	51.0972	0	0	3
75	26	0	1.23407212	29.7230298	29.7367204	29.7091483	29.7522645	0.0361409099	0.0282981643	0	78.2	51.1225	0	0	3
76	27	0	1.25052641	29.7405374	29.7368728	29.7091483	29.7522645	0.0355631957	0.0282981643	0	79.5	51.1179	0	0	3
77	27	0	1.26698071	29.7396431	29.7367729	29.7091483	29.7522645	0.0348526256	0.0282981643	0	81.1	51.072	0	0	3
78	28	0	1.283435	29.7603313	29.7376726	29.7091483	29.7603313	0.0343078636	0.0282981643	0	82.4	51.0907	0	0	3
79	28	0	1.2998893	29.7573573	29.7382167	29.7091483	29.7603313	0.0333249469	0.0282981643	0	84.9	50.9965	0	0	3
80	28	0	1.31634359	29.7696753	29.7394098	29.7091483	29.7696753	0.0325941292	0.0282981643	0	86.8	51.0739	0	0	3
81	29	0	1.33279789	29.7622596	29.7399538	29.7091483	29.7696753	0.0315150696	0.0282981643	0	89.7	51.0132	0	0	3
82	29	0	1.34925218	29.7752916	29.7411249	29.7091483	29.7752916	0.0306330095	0.0282981643	0	92.3	51.104	0	0	3
83	29	0	1.36570648	29.7673946	29.7417243	29.7091483	29.7752916	0.0294007803	0.0282981643	0	96.2	51.0773	0	0	3
84	30	0	1.38216077	29.7776343	29.7429093	29.7091483	29.7776343	0.0283732801	0.0282981643	0	99.7	51.116	0	0	3
85	30	0	1.39861506	29.7679598	29.7434156	29.7091483	29.7776343	0.0270377538	0.0282981643	0	100	51.0621	0	0	3
86	30	0	1.41506936	29.7783541	29.7445203	29.7091483	29.7783541	0.0257842717	0.0282981643	0	100	51.0688	0	0	3
87	31	0	1.43152365	29.7707793	29.745165	29.7091483	29.7783541	0.0242244944	0.0282981643	0	100	51.0406	0	0	3
88	31	0	1.44797795	29.7707205	29.746148	29.7091483	29.7783541	0.0228463209	0.0282981643	0	100	51.0564	0	0	3
89	31	0	1.46443224	29.7667852	29.7467135	29.7091483	29.7783541	0.0213119532	0.0282981643	0	100	50.9678	0	0	3
90	32	0	1.48088654	29.7751441	29.7478211	29.7091483	29.7783541	0.0199629036	0.0282981643	0	100	51.0112	0	0	3
91	32	0	1.49734083	29.769318	29.7484806	29.7091483	29.7783541	0.0184138462	0.0282981643	0	100	50.9635	0	0	3
92	33	0	1.51379513	29.7743688	29.7496911	29.7091483	29.7783541	0.0169527636	0.0282981643	0	100	50.9605	0	0	3
93	33	0	1.53024942	29.7676769	29.7504963	29.7091483	29.7783541	0.0153027095	0.0282981643	0	100	50.8426	0	0	3
94	33	0	1.54670372	29.7742609	29.7518241	29.7091483	29.7783541	0.015103616	0.0282981643	0	100	50.8448	0	0	3
95	34	0	1.56315801	29.7657327	29.7525756	29.7091483	29.7783541	0.0158551678	0.0282981643	0	100	50.7511	0	0	3
96	34	0	1.57961231	29.7676	29.7536264	29.7091483	29.7783541	0.0169059572	0.0282981643	0	100	50.7762	0	0	3
97	34	0	1.5960666	29.7486869	29.7537291	29.7091483	29.7783541	0.0170086996	0.0282981643	0	100	50.7475	0	0	3
98	35	0	1.6125209	29.7429062	29.7539893	29.7091483	29.7783541	0.01726887	0.0282981643	0	100	50.7982	0	0	3
99	35	0	1.62897519	29.7334945	29.7538079	29.7091483	29.7783541	0.01726887	0.0282981643	0	100	50.7849	0	0	3
100	36	0	1.64542949	29.7364645	29.7541932	29.7091483	29.7783541	0.0174727686	0.0282981643	0	100	50.8316	0	0	3
101	37	0	1.66188378	29.722396	29.7539773	29.7091483	29.7783541	0.0174727686	0.0282981643	0	100	50.8071	0	0	3
102	37	0	1.67833808	29.7223929	29.7541955	29.7091483	29.7783541	0.0174750194	0.0282981643	0	100	50.8179	0	0	3
103	38	0	1.69479237	29.7123743	29.7540078	29.7091483	29.7783541	0.0174750194	0.0282981643	0	100	50.8242	0	0	3
104	38	0	1.71124667	29.7120093	29.7541001	29.7120093	29.7783541	0.0174750194	0.0282981643	0	100	50.8091	0	0	3
105	38	0	1.72770096	29.7050037	29.7534704	29.7050037	29.7783541	0.0174750194	0.0282981643	0	100	50.7679	0	0	3
106	39	0	1.74415526	29.7070718	29.7529556	29.7050037	29.7783541	0.0174225416	0.0282981643	0	100	50.7308	0	0	3
107	39	0	1.76060955	29.7043675	29.7517889	29.7043675	29.7783541	0.0174225416	0.0282981643	0	100	50.6756	0	0	3
108	40	0	1.77706385	29.7086339	29.7507886	29.7043675	29.7783541	0.0165228169	0.0282981643	0	100	50.6322	0	0	3
109	40	0	1.79351814	29.7035944	29.7489583	29.7035944	29.7783541	0.0159787783	0.0282981643	0	100	50.6207	0	0	3
110	40	0	1.80997244	29.7050544	29.7472712	29.7035944	29.7783541	0.0147856293	0.0282981643	0	100	50.595	0	0	3
111	41	0	1.82642673	29.6989295	29.744989	29.6989295	29.7783541	0.0142416834	0.0282981643	0	100	50.5812	0	0	3
112	41	0	1.84288103	29.7002403	29.7429884	29.6989295	29.7783541	0.0130705236	0.0282981643	0	100	50.5328	0	0	3
