Iteration	CPUTime	PhysTime	Travels	Value	AvValue	MinValue	MaxValue	Delta	Criteria	Progress	dGMaxMin	CriteriaType	CriteriaVarType	CriteriaPercentage
1	2	0	0.0156481154	16.1026149	16.1026149	16.1026149	16.1026149	0	0	0	0	43.9051	0	0	3
2	3	0	0.0312962308	16.1014798	16.1020474	16.1014798	16.1026149	0.000567576547	0	0	0	42.6214	0	0	3
3	3	0	0.0469443462	16.1008112	16.1016353	16.1008112	16.1026149	0.000979642357	0	0	0	41.4736	0	0	3
4	3	0	0.0625924616	16.1003674	16.1013183	16.1003674	16.1026149	0.00129662596	0	0	0	40.8598	0	0	3
5	4	0	0.078240577	16.1001267	16.10108	16.1001267	16.1026149	0.00153494484	0	0	0	40.2589	0	0	3
6	4	0	0.0938886924	16.1003148	16.1009525	16.1001267	16.1026149	0.00166248097	0	0	0	40.6124	0	0	3
7	5	0	0.109536808	16.1010497	16.1009664	16.1001267	16.1026149	0.00166248097	0	0	0	41.7815	0	0	3
8	5	0	0.125184923	16.1022248	16.1011237	16.1001267	16.1026149	0.00166248097	0	0	0	42.6527	0	0	3
9	5	0	0.140833039	16.1036746	16.1014071	16.1001267	16.1036746	0.00166248097	0	0	0	43.2188	0	0	3
10	5	0	0.156481154	16.1053667	16.1018031	16.1001267	16.1053667	0.00166248097	0	0	0	43.5829	0	0	3
11	6	0	0.172129269	16.107722	16.1023411	16.1001267	16.107722	0.00166248097	0	0	0	43.803	0	0	3
12	6	0	0.187777385	16.1101232	16.1029896	16.1001267	16.1101232	0.0020371859	0	0	0	43.8603	0	0	3
13	7	0	0.2034255	16.112159	16.103695	16.1001267	16.112159	0.00274252097	0	0	0	43.8334	0	0	3
14	7	0	0.219073616	16.1139342	16.1044264	16.1001267	16.1139342	0.00347389262	0	0	0	43.7635	0	0	3
15	7	0	0.234721731	16.1153328	16.1051535	16.1001267	16.1153328	0.00420099158	0	0	0	43.7053	0	0	3
16	8	0	0.250369847	16.1166951	16.1058748	16.1001267	16.1166951	0.00492234551	0	0	0	43.5932	0	0	3
17	8	0	0.266017962	16.1177399	16.1065727	16.1001267	16.1177399	0.00562029078	0	0	0	43.4816	0	0	3
18	8	0	0.281666077	16.1184379	16.1072319	16.1001267	16.1184379	0.00627946518	0	0	0	43.3438	0	0	3
19	9	0	0.297314193	16.1190459	16.1078537	16.1001267	16.1190459	0.00690125556	0	0	0	43.2203	0	0	3
20	9	0	0.312962308	16.1195217	16.1084371	16.1001267	16.1195217	0.00748465572	0	0	0	43.0958	0	0	3
21	9	0	0.328610424	16.1200742	16.1089913	16.1001267	16.1200742	0.00803880102	0	0	0	43.0105	0	0	3
22	10	0	0.344258539	16.1203912	16.1095094	16.1001267	16.1203912	0.00855697799	0	0	0	42.9175	0	0	3
23	10	0	0.359906654	16.1208351	16.1100019	16.1001267	16.1208351	0.00904939823	0	0	0	42.8873	0	0	3
24	10	0	0.37555477	16.1208342	16.1104532	16.1001267	16.1208351	0.00950074433	0	0	0	42.823	0	0	3
25	11	0	0.391202885	16.1210444	16.1108769	16.1001267	16.1210444	0.00992439258	0	0	0	42.8012	0	0	3
26	11	0	0.406851001	16.1210779	16.1112692	16.1001267	16.1210779	0.0103167392	0	0	0	42.7788	0	0	3
27	11	0	0.422499116	16.1213597	16.1116429	16.1001267	16.1213597	0.0106904621	0	0	0	43.0542	0	0	3
28	12	0	0.438147231	16.1215506	16.1119968	16.1001267	16.1215506	0.0110443088	0	0	0	43.2609	0	0	3
29	12	0	0.453795347	16.1217771	16.112334	16.1001267	16.1217771	0.0113815602	0	0	0	43.4019	0	0	3
30	12	0	0.469443462	16.1218681	16.1126518	16.1001267	16.1218681	0.0116993633	0	0	0	43.4763	0	0	3
31	13	0	0.485091578	16.1220948	16.1129564	16.1001267	16.1220948	0.0120039753	0	0	0	43.4606	0	0	3
32	13	0	0.500739693	16.1221854	16.1132448	16.1001267	16.1221854	0.0122923796	0	0	0	43.399	0	0	3
33	13	0	0.516387808	16.1223646	16.113862	16.1001267	16.1223646	0.0129095565	0	0	0	43.3226	0	0	3
34	14	0	0.532035924	16.1225396	16.1145201	16.1001267	16.1225396	0.0135676747	0	0	0	43.2401	0	0	3
35	14	0	0.547684039	16.1228441	16.1152087	16.1001267	16.1228441	0.0142562037	0	0	0	43.161	0	0	3
36	14	0	0.563332155	16.1229722	16.1159151	16.1001267	16.1229722	0.0149626037	0	0	0	43.0462	0	0	3
37	15	0	0.57898027	16.123234	16.1166372	16.1003148	16.123234	0.0156847077	0	0	0	42.9978	0	0	3
38	15	0	0.594628386	16.1233589	16.1173573	16.1010497	16.1233589	0.0163909408	0	0	0	42.9562	0	0	3
39	15	0	0.610276501	16.1235275	16.1180597	16.1022248	16.1235275	0.0169360611	0	0	0	42.9355	0	0	3
40	16	0	0.625924616	16.1235448	16.118726	16.1036746	16.1235448	0.0173188737	0	0	0	42.8998	0	0	3
41	16	0	0.641572732	16.1237874	16.1193545	16.1053667	16.1237874	0.0175514429	0	0	0	42.8519	0	0	3
42	16	0	0.657220847	16.1236364	16.1199254	16.107722	16.1237874	0.016065395	0	0	0	42.8243	0	0	3
43	17	0	0.672868963	16.1238876	16.1204306	16.1101232	16.1238876	0.0137644275	0	0	0	42.8044	0	0	3
44	17	0	0.688517078	16.1238911	16.1208608	16.112159	16.1238911	0.0117320825	0	0	0	42.7542	0	0	3
45	17	0	0.704165193	16.124044	16.1212323	16.1139342	16.124044	0.0101097893	0	0	0	42.713	0	0	3
46	18	0	0.719813309	16.1237545	16.1215391	16.1153328	16.124044	0.0087111364	0	0	0	42.6536	0	0	3
47	18	0	0.735461424	16.1239927	16.1218098	16.1166951	16.124044	0.00734885902	0	0	0	42.6003	0	0	3
48	18	0	0.75110954	16.1240129	16.1220384	16.1177399	16.124044	0.00630409844	0	0	0	42.5532	0	0	3
49	19	0	0.766757655	16.1241632	16.1222392	16.1184379	16.1241632	0.00572535071	0	0	0	42.5109	0	0	3
50	19	0	0.78240577	16.1242495	16.1224208	16.1190459	16.1242495	0.00520360409	0	0	0	42.4766	0	0	3
51	19	0	0.798053886	16.1240354	16.1225767	16.1195217	16.1242495	0.00472782773	0	0	0	42.4457	0	0	3
52	20	0	0.813702001	16.1244109	16.1227295	16.1200742	16.1244109	0.00433675133	0	0	0	42.4223	0	0	3
53	20	0	0.829350117	16.1238877	16.1228487	16.1203912	16.1244109	0.00401976385	0	0	0	42.3984	0	0	3
54	20	0	0.844998232	16.1239697	16.1229605	16.1208342	16.1244109	0.00357675353	0	0	0	42.3777	0	0	3
55	21	0	0.860646347	16.123881	16.1230557	16.1208342	16.1244109	0.00357675353	0	0	0	42.3555	0	0	3
56	21	0	0.876294463	16.1243652	16.123166	16.1210444	16.1244109	0.00336650775	0	0	0	42.3343	0	0	3
57	21	0	0.891942578	16.1241862	16.1232642	16.1210779	16.1244109	0.00333305373	0	0	0	42.315	0	0	3
58	22	0	0.907590694	16.1242945	16.1233647	16.1213597	16.1244109	0.00305120137	0	0	0	42.2954	0	0	3
59	22	0	0.923238809	16.1243657	16.1234587	16.1215506	16.1244109	0.00286028909	0	0	0	42.2824	0	0	3
60	22	0	0.938886924	16.1242178	16.123542	16.1217771	16.1244109	0.00263385664	0	0	0	42.2707	0	0	3
61	23	0	0.95453504	16.1239381	16.1236095	16.1218681	16.1244109	0.00254280659	0	0	0	42.2543	0	0	3
62	23	0	0.970183155	16.1239909	16.1236759	16.1220948	16.1244109	0.00231612192	0	0	0	42.2445	0	0	3
63	23	0	0.985831271	16.124019	16.123736	16.1221854	16.1244109	0.0022255467	0	0	0	42.2311	0	0	3
64	24	0	1.00147939	16.1239333	16.1237906	16.1223646	16.1244109	0.00204631509	0.00072852593	0	35.6	42.2223	0	0	3
65	24	0	1.0171275	16.1239885	16.1238414	16.1225396	16.1244109	0.00187134779	0.00072852593	0	38.9	42.2064	0	0	3
66	24	0	1.03277562	16.1238525	16.1238824	16.1228441	16.1244109	0.0015668235	0.00072852593	0	46.4	42.1981	0	0	3
67	25	0	1.04842373	16.1236533	16.1239077	16.1229722	16.1244109	0.00143875378	0.00072852593	0	50.6	42.1839	0	0	3
68	25	0	1.06407185	16.1237187	16.123931	16.123234	16.1244109	0.00117686979	0.00072852593	0	61.9	42.1787	0	0	3
69	26	0	1.07971996	16.1235918	16.1239422	16.1233589	16.1244109	0.00105203807	0.00072852593	0	69.2	42.1632	0	0	3
70	26	0	1.09536808	16.1235443	16.123948	16.1235275	16.1244109	0.000883446485	0.00072852593	0	82.4	42.1619	0	0	3
71	26	0	1.11101619	16.1236337	16.1239513	16.1235443	16.1244109	0.000866632134	0.00072852593	0	84	42.1492	0	0	3
72	27	0	1.12666431	16.1236903	16.1239559	16.1235443	16.1244109	0.000866632134	0.00072852593	0	84	42.1401	0	0	3
73	27	0	1.14231242	16.1235857	16.1239496	16.1235443	16.1244109	0.000866632134	0.00072852593	0	84	42.1243	0	0	3
74	28	0	1.15796054	16.1235414	16.1239466	16.1235414	16.1244109	0.000869560833	0.00072852593	0	83.7	42.1134	0	0	3
75	28	0	1.17360866	16.1234085	16.1239316	16.1234085	16.1244109	0.00100241238	0.00072852593	0	72.6	42.0962	0	0	3
76	28	0	1.18925677	16.1235565	16.1239212	16.1234085	16.1244109	0.00100241238	0.00072852593	0	72.6	42.0868	0	0	3
77	29	0	1.20490489	16.1235588	16.123906	16.1234085	16.1244109	0.00100241238	0.00072852593	0	72.6	42.0707	0	0	3
78	29	0	1.220553	16.1237282	16.1239052	16.1234085	16.1244109	0.00100241238	0.00072852593	0	72.6	42.0624	0	0	3
79	30	0	1.23620112	16.1236787	16.1238954	16.1234085	16.1244109	0.00100241238	0.00072852593	0	72.6	42.0477	0	0	3
80	30	0	1.25184923	16.1236047	16.1238826	16.1234085	16.1244109	0.00100241238	0.00072852593	0	72.6	42.0385	0	0	3
81	30	0	1.26749735	16.123291	16.1238554	16.123291	16.1244109	0.00111992131	0.00072852593	0	65	42.024	0	0	3
82	31	0	1.28314546	16.1234926	16.1238317	16.123291	16.1244109	0.00111992131	0.00072852593	0	65	42.0151	0	0	3
83	31	0	1.29879358	16.1235901	16.1238178	16.123291	16.1244109	0.00111992131	0.00072852593	0	65	42.0018	0	0	3
84	32	0	1.31444169	16.1236281	16.1237933	16.123291	16.1243657	0.00107469305	0.00072852593	0	67.7	41.9921	0	0	3
85	32	0	1.33008981	16.1234893	16.1237809	16.123291	16.1243657	0.000995376888	0.00072852593	0	73.1	41.9793	0	0	3
86	33	0	1.34573793	16.123485	16.1237657	16.123291	16.1243657	0.00090019229	0.00072852593	0	80.9	41.9851	0	0	3
87	33	0	1.36138604	16.1234168	16.1237512	16.123291	16.1243657	0.000789847227	0.00072852593	0	92.2	41.9787	0	0	3
88	33	0	1.37703416	16.1235604	16.1237261	16.123291	16.1243657	0.000691665638	0.00072852593	0	100	41.9944	0	0	3
