Iteration	CPUTime	PhysTime	Travels	Value	AvValue	MinValue	MaxValue	Delta	Criteria	Progress	dGMaxMin	CriteriaType	CriteriaVarType	CriteriaPercentage
1	2	0	0.0164625129	1416.29491	1416.29491	1416.29491	1416.29491	0	0	0	0	0	0	0	3
2	3	0	0.0329250259	1405.04062	1410.66776	1405.04062	1416.29491	5.627143	0	0	0	0	0	0	3
3	3	0	0.0493875388	1403.58552	1408.30702	1403.58552	1416.29491	7.98789024	0	0	0	0	0	0	3
4	4	0	0.0658500517	1395.77464	1405.17392	1395.77464	1416.29491	11.1209836	0	0	0	0	0	0	3
5	4	0	0.0823125647	1382.7424	1400.68762	1382.7424	1416.29491	15.6072888	0	0	0	0	0	0	3
6	4	0	0.0987750776	1368.13206	1395.26169	1368.13206	1416.29491	21.0332151	0	0	0	0	0	0	3
7	4	0	0.115237591	1354.95827	1389.50406	1354.95827	1416.29491	26.7908473	0	0	0	0	0	0	3
8	5	0	0.131700103	1344.86874	1383.92464	1344.86874	1416.29491	32.3702625	0	0	0	0	0	0	3
9	5	0	0.148162616	1338.87831	1378.9195	1338.87831	1416.29491	37.3754106	0	0	0	0	0	0	3
10	5	0	0.164625129	1333.37126	1374.36467	1333.37126	1416.29491	41.930234	0	0	0	0	0	0	3
11	6	0	0.181087642	1327.46086	1370.10069	1327.46086	1416.29491	46.1942174	0	0	0	0	0	0	3
12	6	0	0.197550155	1323.53515	1366.22023	1323.53515	1416.29491	50.0746793	0	0	0	0	0	0	3
13	6	0	0.214012668	1320.98496	1362.74059	1320.98496	1416.29491	53.5543156	0	0	0	0	0	0	3
14	6	0	0.230475181	1319.28991	1359.63697	1319.28991	1416.29491	56.6579358	0	0	0	0	0	0	3
15	7	0	0.246937694	1318.23117	1356.87658	1318.23117	1416.29491	59.4183226	0	0	0	0	0	0	3
16	7	0	0.263400207	1317.33772	1354.40541	1317.33772	1416.29491	61.8895016	0	0	0	0	0	0	3
17	7	0	0.27986272	1316.88741	1352.19846	1316.88741	1416.29491	64.0964426	0	0	0	0	0	0	3
18	7	0	0.296325233	1316.74431	1350.22879	1316.74431	1416.29491	66.0661177	0	0	0	0	0	0	3
19	8	0	0.312787746	1316.79173	1348.46894	1316.74431	1416.29491	67.8259631	0	0	0	0	0	0	3
20	8	0	0.329250259	1317.04988	1346.89799	1316.74431	1416.29491	69.3969164	0	0	0	0	0	0	3
21	8	0	0.345712772	1317.68188	1345.50675	1316.74431	1416.29491	70.7881599	0	0	0	0	0	0	3
22	9	0	0.362175284	1318.20516	1344.26577	1316.74431	1416.29491	72.029141	0	0	0	0	0	0	3
23	9	0	0.378637797	1319.36378	1343.18307	1316.74431	1416.29491	73.1118359	0	0	0	0	0	0	3
24	9	0	0.39510031	1319.78146	1342.208	1316.74431	1416.29491	74.0869031	0	0	0	0	0	0	3
25	9	0	0.411562823	1320.73347	1341.34902	1316.74431	1416.29491	74.9458844	0	0	0	0	0	0	3
26	10	0	0.428025336	1321.30401	1340.57806	1316.74431	1416.29491	75.7168464	0	0	0	0	0	0	3
27	10	0	0.444487849	1322.03151	1339.89115	1316.74431	1416.29491	76.4037557	0	0	0	0	0	0	3
28	10	0	0.460950362	1322.48294	1339.26943	1316.74431	1416.29491	77.0254775	0	0	0	0	0	0	3
29	11	0	0.477412875	1322.94821	1338.70663	1316.74431	1416.29491	77.5882781	0	0	0	0	0	0	3
30	11	0	0.493875388	1323.29323	1338.19285	1316.74431	1416.29491	78.1020579	0	0	0	0	0	0	3
31	11	0	0.510337901	1323.75329	1337.72706	1316.74431	1416.29491	78.5678502	0	0	0	0	0	0	3
32	11	0	0.526800414	1323.92865	1334.7475	1316.74431	1405.04062	75.920264	0	0	0	0	0	0	3
33	12	0	0.543262927	1324.15871	1332.13841	1316.74431	1403.58552	76.1686106	0	0	0	0	0	0	3
34	12	0	0.55972544	1323.89622	1329.56778	1316.74431	1395.77464	75.6061398	0	0	0	0	0	0	3
35	12	0	0.576187953	1323.91421	1327.24971	1316.74431	1382.7424	65.9980856	0	0	0	0	0	0	3
36	13	0	0.592650466	1322.70291	1325.31295	1316.74431	1368.13206	51.3877482	0	0	0	0	0	0	3
37	13	0	0.609112978	1322.53214	1323.84198	1316.74431	1354.95827	38.2139546	0	0	0	0	0	0	3
38	13	0	0.625575491	1322.15057	1322.78367	1316.74431	1344.86874	28.124426	0	0	0	0	0	0	3
39	13	0	0.642038004	1322.26507	1322.05452	1316.74431	1338.87831	22.1339996	0	0	0	0	0	0	3
40	14	0	0.658500517	1321.96771	1321.50902	1316.74431	1333.37126	16.6269502	0	0	0	0	0	0	3
41	14	0	0.67496303	1323.26253	1321.18293	1316.74431	1327.46086	10.716544	0	0	0	0	0	0	3
42	14	0	0.691425543	1323.43668	1321.05312	1316.74431	1324.15871	7.41440163	0	0	0	0	0	0	3
43	15	0	0.707888056	1323.87137	1321.06396	1316.74431	1324.15871	7.41440163	0	0	0	0	0	0	3
44	15	0	0.724350569	1323.35438	1321.14039	1316.74431	1324.15871	7.41440163	0	0	0	0	0	0	3
45	15	0	0.740813082	1323.48464	1321.27571	1316.74431	1324.15871	7.41440163	0	0	0	0	0	0	3
46	16	0	0.757275595	1321.58731	1321.38397	1316.74431	1324.15871	7.41440163	0	0	0	0	0	0	3
47	16	0	0.773738108	1321.60387	1321.52159	1316.74431	1324.15871	7.41440163	0	0	0	0	0	0	3
48	16	0	0.790200621	1320.94241	1321.65239	1316.74431	1324.15871	7.41440163	0	0	0	0	0	0	3
49	16	0	0.806663134	1321.41049	1321.80292	1316.79173	1324.15871	7.36698744	0	0	0	0	0	0	3
50	17	0	0.823125647	1320.92336	1321.9362	1317.04988	1324.15871	7.10883533	0	0	0	0	0	0	3
51	17	0	0.83958816	1322.45843	1322.11066	1317.68188	1324.15871	6.47683556	0	0	0	0	0	0	3
52	17	0	0.856050672	1322.73587	1322.2737	1318.20516	1324.15871	5.95355186	0	0	0	0	0	0	3
53	18	0	0.872513185	1323.50716	1322.44473	1319.36378	1324.15871	4.79492973	0	0	0	0	0	0	3
54	18	0	0.888975698	1323.08212	1322.56468	1319.78146	1324.15871	4.3772559	0	0	0	0	0	0	3
55	18	0	0.905438211	1323.45849	1322.68329	1320.73347	1324.15871	3.42524169	0	0	0	0	0	0	3
56	18	0	0.921900724	1321.58268	1322.71068	1320.92336	1324.15871	3.23534964	0	0	0	0	0	0	3
57	19	0	0.938363237	1321.64934	1322.72182	1320.92336	1324.15871	3.23534964	0	0	0	0	0	0	3
58	19	0	0.95482575	1321.02513	1322.68936	1320.92336	1324.15871	3.23534964	0	0	0	0	0	0	3
59	19	0	0.971288263	1321.47213	1322.65675	1320.92336	1324.15871	3.23534964	0	0	0	0	0	0	3
60	20	0	0.987750776	1320.98458	1322.59341	1320.92336	1324.15871	3.23534964	0	0	0	0	0	0	3
61	20	0	1.00421329	1322.49367	1322.56762	1320.92336	1324.15871	3.23534964	2.60523631	0	80.5	0	0	0	3
62	20	0	1.0206758	1322.75902	1322.53554	1320.92336	1324.15871	3.23534964	2.60523631	0	80.5	0	0	0	3
63	21	0	1.03713831	1323.51505	1322.5222	1320.92336	1324.15871	3.23534964	2.60523631	0	80.5	0	0	0	3
64	21	0	1.05360083	1323.06235	1322.48683	1320.92336	1323.91421	2.99084086	2.60523631	0	87.1	0	0	0	3
65	21	0	1.07006334	1322.11166	1322.42927	1320.92336	1323.91421	2.99084086	2.60523631	0	87.1	0	0	0	3
66	22	0	1.08652585	1322.13785	1322.37197	1320.92336	1323.87137	2.94800152	2.60523631	0	88.3	0	0	0	3
67	22	0	1.10298837	1321.81747	1322.3434	1320.92336	1323.87137	2.78886711	2.60523631	0	93.4	0	0	0	3
68	22	0	1.11945088	1321.96521	1322.32512	1320.92336	1323.87137	1.73055437	2.60523631	0	100	0	0	0	3
69	23	0	1.13591339	1322.95473	1322.35106	1320.92336	1323.87137	1.66870696	2.60523631	0	100	0	0	0	3
70	23	0	1.15237591	1321.40321	1322.32325	1320.92336	1323.87137	1.66870696	2.60523631	0	100	0	0	0	3
71	23	0	1.16883842	1322.59028	1322.34334	1320.92336	1323.87137	1.66870696	2.60523631	0	100	0	0	0	3
72	24	0	1.18530093	1322.50008	1322.31874	1320.92336	1323.87137	1.66870696	2.60523631	0	100	0	0	0	3
73	24	0	1.20176344	1321.97455	1322.27158	1320.92336	1323.87137	1.65786121	2.60523631	0	100	0	0	0	3
74	25	0	1.21822596	1322.05503	1322.21299	1320.92336	1323.51505	1.58142809	2.60523631	0	100	0	0	0	3
75	25	0	1.23468847	1321.80429	1322.16298	1320.92336	1323.51505	1.44611411	2.60523631	0	100	0	0	0	3
76	25	0	1.25115098	1321.98483	1322.1146	1320.92336	1323.51505	1.33785158	2.60523631	0	100	0	0	0	3
77	26	0	1.2676135	1322.97671	1322.15942	1320.92336	1323.51505	1.20023395	2.60523631	0	100	0	0	0	3
78	26	0	1.28407601	1321.48036	1322.15544	1320.92336	1323.51505	1.06942748	2.60523631	0	100	0	0	0	3
79	26	0	1.30053852	1322.60656	1322.20912	1320.92336	1323.51505	0.918905558	2.60523631	0	100	0	0	0	3
80	27	0	1.31700103	1322.50987	1322.24458	1320.92336	1323.51505	0.785626919	2.60523631	0	100	0	0	0	3
81	27	0	1.33346355	1321.96763	1322.27827	1320.98458	1323.51505	0.611157504	2.60523631	0	100	0	0	0	3
82	27	0	1.34992606	1322.07428	1322.26588	1320.98458	1323.51505	0.607220901	2.60523631	0	100	0	0	0	3
83	28	0	1.36638857	1321.8165	1322.23622	1320.98458	1323.51505	0.607220901	2.60523631	0	100	0	0	0	3
84	28	0	1.38285109	1322.00855	1322.18788	1320.98458	1323.51505	0.607220901	2.60523631	0	100	0	0	0	3
85	28	0	1.3993136	1323.00354	1322.18534	1320.98458	1323.51505	0.607220901	2.60523631	0	100	0	0	0	3
86	29	0	1.41577611	1321.50235	1322.12224	1320.98458	1323.51505	0.607220901	2.60523631	0	100	0	0	0	3
87	29	0	1.43223863	1322.6159	1322.15557	1320.98458	1323.51505	0.607220901	2.60523631	0	100	0	0	0	3
88	29	0	1.44870114	1322.53236	1322.18406	1320.98458	1323.51505	0.574757114	2.60523631	0	100	0	0	0	3
89	30	0	1.46516365	1321.97742	1322.21477	1320.98458	1323.51505	0.542150407	2.60523631	0	100	0	0	0	3
90	30	0	1.48162616	1322.09571	1322.23489	1320.98458	1323.51505	0.478807411	2.60523631	0	100	0	0	0	3
91	30	0	1.49808868	1321.84078	1322.26251	1321.40321	1323.51505	0.453015086	2.60523631	0	100	0	0	0	3
92	31	0	1.51455119	1322.02566	1322.24741	1321.40321	1323.51505	0.420941835	2.60523631	0	100	0	0	0	3
93	31	0	1.5310137	1323.01039	1322.25552	1321.40321	1323.51505	0.407600003	2.60523631	0	100	0	0	0	3
94	31	0	1.54747622	1321.53427	1322.19162	1321.40321	1323.06235	0.372233379	2.60523631	0	100	0	0	0	3
95	32	0	1.56393873	1322.64922	1322.1783	1321.40321	1323.01039	0.314666814	2.60523631	0	100	0	0	0	3
96	32	0	1.58040124	1322.62715	1322.19493	1321.40321	1323.01039	0.257365117	2.60523631	0	100	0	0	0	3
97	32	0	1.59686375	1322.04467	1322.19192	1321.40321	1323.01039	0.236455086	2.60523631	0	100	0	0	0	3
98	33	0	1.61332627	1322.19021	1322.20394	1321.40321	1323.01039	0.236455086	2.60523631	0	100	0	0	0	3
99	33	0	1.62978878	1323.03844	1322.23857	1321.40321	1323.03844	0.236455086	2.60523631	0	100	0	0	0	3
100	33	0	1.64625129	1321.53597	1322.1928	1321.40321	1323.03844	0.228736027	2.60523631	0	100	0	0	0	3
