Iteration	CPUTime	PhysTime	Travels	Value	AvValue	MinValue	MaxValue	Delta	Criteria	Progress	dGMaxMin	CriteriaType	CriteriaVarType	CriteriaPercentage
1	2	0	0.0198520302	2859612.51	2859612.51	2859612.51	2859612.51	0	0	0	0	6.55329e+06	0	0	3
2	2	0	0.0397040604	1111327.04	1985469.77	1111327.04	2859612.51	874142.733	0	0	0	4.56801e+06	0	0	3
3	2	0	0.0595560906	832235.998	1601058.51	832235.998	2859612.51	1258553.99	0	0	0	3.44835e+06	0	0	3
4	2	0	0.0794081208	752504.896	1388920.11	752504.896	2859612.51	1470692.4	0	0	0	3.21555e+06	0	0	3
5	2	0	0.099260151	833534.455	1277842.98	752504.896	2859612.51	1581769.53	0	0	0	2.7062e+06	0	0	3
6	3	0	0.119112181	809925.012	1199856.65	752504.896	2859612.51	1659755.85	0	0	0	2.6583e+06	0	0	3
7	3	0	0.138964211	894495.933	1156233.69	752504.896	2859612.51	1703378.81	0	0	0	2.66429e+06	0	0	3
8	3	0	0.158816242	943266.626	1129612.81	752504.896	2859612.51	1729999.7	0	0	0	2.67314e+06	0	0	3
9	3	0	0.178668272	1043493.02	1120043.94	752504.896	2859612.51	1739568.56	0	0	0	2.67901e+06	0	0	3
10	4	0	0.198520302	1100533.05	1118092.85	752504.896	2859612.51	1741519.65	0	0	0	2.66878e+06	0	0	3
11	4	0	0.218372332	1201291.15	1125656.33	752504.896	2859612.51	1741519.65	0	0	0	2.65045e+06	0	0	3
12	4	0	0.238224362	1299341.59	1140130.11	752504.896	2859612.51	1741519.65	0	0	0	2.64824e+06	0	0	3
13	4	0	0.258076393	1382077.21	1158741.42	752504.896	2859612.51	1741519.65	0	0	0	2.63937e+06	0	0	3
14	4	0	0.277928423	1451066.6	1179621.79	752504.896	2859612.51	1741519.65	0	0	0	2.62437e+06	0	0	3
15	5	0	0.297780453	1497655.57	1200824.04	752504.896	2859612.51	1741519.65	0	0	0	2.62234e+06	0	0	3
16	5	0	0.317632483	1517033.95	1220587.16	752504.896	2859612.51	1741519.65	0	0	0	2.58714e+06	0	0	3
17	5	0	0.337484514	1534770.35	1239068.53	752504.896	2859612.51	1741519.65	0	0	0	2.58947e+06	0	0	3
18	5	0	0.357336544	1545969.21	1256118.57	752504.896	2859612.51	1741519.65	0	0	0	2.56992e+06	0	0	3
19	6	0	0.377188574	1557820.76	1271997.63	752504.896	2859612.51	1741519.65	0	0	0	2.58589e+06	0	0	3
20	6	0	0.397040604	1567329.81	1286764.24	752504.896	2859612.51	1741519.65	0	0	0	2.5379e+06	0	0	3
21	6	0	0.416892634	1583853.84	1300911.36	752504.896	2859612.51	1741519.65	0	0	0	2.54837e+06	0	0	3
22	6	0	0.436744665	1601662.07	1314581.85	752504.896	2859612.51	1741519.65	0	0	0	2.55012e+06	0	0	3
23	6	0	0.456596695	1615349.92	1327658.72	752504.896	2859612.51	1741519.65	0	0	0	2.5631e+06	0	0	3
24	7	0	0.476448725	1629697.16	1340243.66	752504.896	2859612.51	1741519.65	0	0	0	2.56077e+06	0	0	3
25	7	0	0.496300755	1642764.94	1352344.51	752504.896	2859612.51	1741519.65	0	0	0	2.54795e+06	0	0	3
26	7	0	0.516152785	1660393.39	1364192.54	752504.896	2859612.51	1741519.65	0	0	0	2.56395e+06	0	0	3
27	7	0	0.536004816	1673841.55	1318585.97	752504.896	1673841.55	867376.92	0	0	0	2.57068e+06	0	0	3
28	7	0	0.555856846	1684026.37	1340612.86	752504.896	1684026.37	482965.661	0	0	0	2.59345e+06	0	0	3
29	8	0	0.575708876	1693074.36	1373722.03	752504.896	1693074.36	270827.256	0	0	0	2.6086e+06	0	0	3
30	8	0	0.595560906	1699896.39	1410160.17	809925.012	1699896.39	292067.311	0	0	0	2.62054e+06	0	0	3
31	8	0	0.615412936	1713146.72	1443991.41	809925.012	1713146.72	325898.552	0	0	0	2.62356e+06	0	0	3
32	8	0	0.635264967	1721281.82	1479043.59	894495.933	1721281.82	360950.737	0	0	0	2.63597e+06	0	0	3
33	8	0	0.655116997	1728151.98	1511107.29	943266.626	1728151.98	393014.432	0	0	0	2.63784e+06	0	0	3
34	9	0	0.674969027	1734053.97	1541522.18	1043493.02	1734053.97	423429.329	0	0	0	2.65012e+06	0	0	3
35	9	0	0.694821057	1740489.15	1568329.73	1100533.05	1740489.15	450236.873	0	0	0	2.65522e+06	0	0	3
36	9	0	0.714673087	1754750.72	1593491.94	1201291.15	1754750.72	467835.61	0	0	0	2.65667e+06	0	0	3
37	9	0	0.734525118	1763829.95	1615128.05	1299341.59	1763829.95	464488.366	0	0	0	2.66438e+06	0	0	3
38	10	0	0.754377148	1770773.45	1633260.05	1382077.21	1770773.45	388696.233	0	0	0	2.65773e+06	0	0	3
39	10	0	0.774229178	1776020.6	1648411.72	1451066.6	1776020.6	324953.996	0	0	0	2.67593e+06	0	0	3
40	10	0	0.794081208	1782184.71	1661147.03	1497655.57	1782184.71	284529.134	0	0	0	2.67927e+06	0	0	3
41	10	0	0.813933238	1795172.36	1672589.98	1517033.95	1795172.36	278138.413	0	0	0	2.69531e+06	0	0	3
42	10	0	0.833785269	1805879.51	1683699.43	1534770.35	1805879.51	271109.157	0	0	0	2.69988e+06	0	0	3
43	11	0	0.853637299	1814117.56	1694443.55	1545969.21	1814117.56	268148.351	0	0	0	2.72362e+06	0	0	3
44	11	0	0.873489329	1822825.65	1705091.87	1557820.76	1822825.65	265004.891	0	0	0	2.71618e+06	0	0	3
45	11	0	0.893341359	1828741.46	1715511.9	1567329.81	1828741.46	261411.643	0	0	0	2.72624e+06	0	0	3
46	11	0	0.913193389	1837386.87	1725898.71	1583853.84	1837386.87	253533.033	0	0	0	2.74908e+06	0	0	3
47	12	0	0.93304542	1842111.28	1735831.69	1601662.07	1842111.28	240449.21	0	0	0	2.75344e+06	0	0	3
48	12	0	0.95289745	1845845.38	1745223.35	1615349.92	1845845.38	230495.457	0	0	0	2.7985e+06	0	0	3
49	12	0	0.97274948	1847581.24	1754155.33	1629697.16	1847581.24	217884.084	0	0	0	2.76706e+06	0	0	3
50	12	0	0.99260151	1848286.76	1762562.62	1642764.94	1848286.76	205521.822	0	0	0	2.78858e+06	0	0	3
51	12	0	1.01245354	1848144.4	1770461.83	1660393.39	1848286.76	187893.368	32873.456	0	17.4	2.74488e+06	0	0	3
52	13	0	1.03230557	1847715.98	1777666.55	1673841.55	1848286.76	174445.215	32873.456	0	18.8	2.76857e+06	0	0	3
53	13	0	1.0521576	1847856.9	1784359.44	1684026.37	1848286.76	164260.387	32873.456	0	20	2.76903e+06	0	0	3
54	13	0	1.07200963	1848480.14	1790684.59	1693074.36	1848480.14	155405.789	32875.3898	0	21.1	2.79758e+06	0	0	3
55	13	0	1.09186166	1849021.63	1796682.56	1699896.39	1849021.63	149125.241	32873.456	0	22	2.79237e+06	0	0	3
56	14	0	1.11171369	1849824	1802449.01	1713146.72	1849824	136677.274	32873.456	0	24	2.81938e+06	0	0	3
57	14	0	1.13156572	1850530.05	1807732.98	1721281.82	1850530.05	129248.233	32873.456	0	25.4	2.80961e+06	0	0	3
58	14	0	1.15141775	1851507.55	1812741.66	1728151.98	1851507.55	123355.565	32873.456	0	26.6	2.83479e+06	0	0	3
59	14	0	1.17126978	1852233.96	1817514.05	1734053.97	1852233.96	118179.988	32873.456	0	27.8	2.8243e+06	0	0	3
60	15	0	1.19112181	1852680.74	1822076.62	1740489.15	1852680.74	112191.585	32873.456	0	29.3	2.84731e+06	0	0	3
61	15	0	1.21097384	1853110.77	1826408.22	1754750.72	1853110.77	98360.0465	32873.456	0	33.4	2.83425e+06	0	0	3
62	15	0	1.23082587	1853629.81	1830211.26	1763829.95	1853629.81	89799.8558	32873.456	0	36.6	2.85655e+06	0	0	3
63	15	0	1.2506779	1853975	1833678.38	1770773.45	1853975	83201.5579	32873.456	0	39.5	2.84797e+06	0	0	3
64	16	0	1.27052993	1854145.59	1836885	1776020.6	1854145.59	78124.9851	32873.456	0	42	2.87022e+06	0	0	3
65	16	0	1.29038196	1854875.57	1839917.88	1782184.71	1854875.57	72690.8656	32873.456	0	45.2	2.86133e+06	0	0	3
66	16	0	1.31023399	1855411.82	1842734.31	1795172.36	1855411.82	60239.4585	32873.456	0	54.5	2.871e+06	0	0	3
67	16	0	1.33008602	1856008.31	1845074.15	1805879.51	1856008.31	50128.801	32873.456	0	65.5	2.85258e+06	0	0	3
68	17	0	1.34993805	1856120.18	1847006.48	1814117.56	1856120.18	42002.6187	32873.456	0	78.2	2.87898e+06	0	0	3
69	17	0	1.36979008	1856270.92	1848627.77	1822825.65	1856270.92	33445.2688	32873.456	0	98.2	2.84077e+06	0	0	3
70	17	0	1.38964211	1856601.54	1849926.84	1828741.46	1856601.54	27860.0799	32873.456	0	100	2.84916e+06	0	0	3
