Iteration	CPUTime	PhysTime	Travels	Value	AvValue	MinValue	MaxValue	Delta	Criteria	Progress	dGMaxMin	CriteriaType	CriteriaVarType	CriteriaPercentage
1	2	0	0.0198520302	4.60663363	4.60663363	4.60663363	4.60663363	0	0	0	0	59.6956	0	0	3
2	2	0	0.0397040604	4.60805095	4.60734229	4.60663363	4.60805095	0.000708660897	0	0	0	59.8306	0	0	3
3	2	0	0.0595560906	4.60752921	4.6074046	4.60663363	4.60805095	0.000770969807	0	0	0	59.8876	0	0	3
4	2	0	0.0794081208	4.60655824	4.60719301	4.60655824	4.60805095	0.000770969807	0	0	0	59.8852	0	0	3
5	2	0	0.099260151	4.60391056	4.60653652	4.60391056	4.60805095	0.000868078414	0	0	0	59.8611	0	0	3
6	3	0	0.119112181	4.60037557	4.60550969	4.60037557	4.60805095	0.00189490223	0	0	0	59.8162	0	0	3
7	3	0	0.138964211	4.60043868	4.60478526	4.60037557	4.60805095	0.00261933327	0	0	0	59.7614	0	0	3
8	3	0	0.158816242	4.61363596	4.6058916	4.60037557	4.61363596	0.00261933327	0	0	0	59.6908	0	0	3
9	3	0	0.178668272	4.64816548	4.6105887	4.60037557	4.64816548	0.00580343503	0	0	0	59.6106	0	0	3
10	4	0	0.198520302	4.7091193	4.62044176	4.60037557	4.7091193	0.015656495	0	0	0	59.5209	0	0	3
11	4	0	0.218372332	4.8765145	4.6437211	4.60037557	4.8765145	0.0389358353	0	0	0	59.3865	0	0	3
12	4	0	0.238224362	5.07096783	4.67932499	4.60037557	5.07096783	0.0745397293	0	0	0	59.2496	0	0	3
13	4	0	0.258076393	5.43716268	4.7376202	4.60037557	5.43716268	0.132834936	0	0	0	59.1165	0	0	3
14	4	0	0.277928423	5.87512445	4.8188705	4.60037557	5.87512445	0.21408524	0	0	0	58.9877	0	0	3
15	5	0	0.297780453	6.40976764	4.92493031	4.60037557	6.40976764	0.320145049	0	0	0	58.8642	0	0	3
16	5	0	0.317632483	7.20685168	5.0675504	4.60037557	7.20685168	0.462765135	0	0	0	58.6827	0	0	3
17	5	0	0.337484514	8.01316216	5.24082168	4.60037557	8.01316216	0.636036415	0	0	0	58.5044	0	0	3
18	5	0	0.357336544	8.7801884	5.43745316	4.60037557	8.7801884	0.832667899	0	0	0	58.3283	0	0	3
19	6	0	0.377188574	9.31042074	5.64129356	4.60037557	9.31042074	1.0365083	0	0	0	58.1575	0	0	3
20	6	0	0.397040604	10.1730955	5.86788366	4.60037557	10.1730955	1.26309839	0	0	0	57.9834	0	0	3
21	6	0	0.416892634	11.1930141	6.12146129	4.60037557	11.1930141	1.51667603	0	0	0	57.7275	0	0	3
22	6	0	0.436744665	11.9637406	6.38701944	4.60037557	11.9637406	1.78223418	0	0	0	57.4771	0	0	3
23	6	0	0.456596695	12.6399523	6.65888609	4.60037557	12.6399523	2.05410083	0	0	0	57.24	0	0	3
24	7	0	0.476448725	13.1822143	6.93069144	4.60037557	13.1822143	2.32590617	0	0	0	57.0086	0	0	3
25	7	0	0.496300755	13.6300172	7.19866447	4.60037557	13.6300172	2.5938792	0	0	0	56.7871	0	0	3
26	7	0	0.516152785	14.122178	7.46495345	4.60037557	14.122178	2.86016818	0	0	0	56.4652	0	0	3
27	7	0	0.536004816	14.4984363	7.8454074	4.60037557	14.4984363	3.24062213	0	0	0	56.1547	0	0	3
28	7	0	0.555856846	14.8117977	8.2378592	4.60037557	14.8117977	3.63307393	0	0	0	55.858	0	0	3
29	8	0	0.575708876	15.0722007	8.64034656	4.60037557	15.0722007	4.0355613	0	0	0	55.5686	0	0	3
30	8	0	0.595560906	15.2215949	9.0486172	4.60037557	15.2215949	4.44383194	0	0	0	55.29	0	0	3
31	8	0	0.615412936	15.5336557	9.46899202	4.60037557	15.5336557	4.86420675	0	0	0	54.8887	0	0	3
32	8	0	0.635264967	15.6750424	9.89494074	4.60043868	15.6750424	5.29015548	0	0	0	54.5003	0	0	3
33	8	0	0.655116997	16.0352035	10.3347394	4.61363596	16.0352035	5.72884779	0	0	0	54.1232	0	0	3
34	9	0	0.674969027	16.1839212	10.7797504	4.64816548	16.1839212	6.16916166	0	0	0	53.7588	0	0	3
35	9	0	0.694821057	16.3414572	11.2294923	4.7091193	16.3414572	6.60905059	0	0	0	53.759	0	0	3
36	9	0	0.714673087	16.4314303	11.6803505	4.8765145	16.4314303	7.03662936	0	0	0	53.8989	0	0	3
37	9	0	0.734525118	16.560498	12.1297344	5.07096783	16.560498	7.45040945	0	0	0	54.0482	0	0	3
38	10	0	0.754377148	16.604704	12.5733397	5.43716268	16.604704	7.83571948	0	0	0	54.1965	0	0	3
39	10	0	0.774229178	16.6026547	13.0027817	5.87512445	16.604704	8.18391118	0	0	0	54.3438	0	0	3
40	10	0	0.794081208	16.5862685	13.4147488	6.40976764	16.604704	8.48981844	0	0	0	54.492	0	0	3
41	10	0	0.813933238	16.5855534	13.8061251	7.20685168	16.604704	8.73857473	0	0	0	54.7049	0	0	3
42	10	0	0.833785269	16.6217859	14.168238	8.01316216	16.6217859	8.60862374	0	0	0	54.9232	0	0	3
43	11	0	0.853637299	16.701186	14.5023927	8.7801884	16.701186	7.92099759	0	0	0	55.1429	0	0	3
44	11	0	0.873489329	16.6738752	14.8059961	9.31042074	16.701186	7.39076525	0	0	0	55.5621	0	0	3
45	11	0	0.893341359	16.6526988	15.0883914	10.1730955	16.701186	6.52809052	0	0	0	55.9965	0	0	3
46	11	0	0.913193389	16.626316	15.3365922	11.1930141	16.701186	5.50817193	0	0	0	56.261	0	0	3
47	12	0	0.93304542	16.7068233	15.5486618	11.9637406	16.7068233	4.74308268	0	0	0	56.6263	0	0	3
48	12	0	0.95289745	16.6014564	15.7270355	12.6399523	16.7068233	4.06687093	0	0	0	56.6928	0	0	3
49	12	0	0.97274948	16.6359535	15.8807278	13.1822143	16.7068233	3.52460894	0	0	0	56.8931	0	0	3
50	12	0	0.99260151	16.6437253	16.0138628	13.6300172	16.7068233	3.07680606	0	0	0	56.7795	0	0	3
51	12	0	1.01245354	16.6069667	16.1283609	14.122178	16.7068233	2.58464531	0.363193431	0	14	56.8281	0	0	3
52	13	0	1.03230557	16.6366552	16.2250716	14.4984363	16.7068233	2.20838694	0.363193431	0	16.4	56.7026	0	0	3
53	13	0	1.0521576	16.6003953	16.3059161	14.8117977	16.7068233	1.89502554	0.363193431	0	19.1	56.5792	0	0	3
54	13	0	1.07200963	16.6593843	16.3769772	15.0722007	16.7068233	1.63462259	0.363193431	0	22.2	56.4817	0	0	3
55	13	0	1.09186166	16.6486215	16.4376087	15.2215949	16.7068233	1.4852284	0.363193431	0	24.4	56.3448	0	0	3
56	14	0	1.11171369	16.5874808	16.4901428	15.5336557	16.7068233	1.17316752	0.363193431	0	30.9	56.2169	0	0	3
57	14	0	1.13156572	16.6801534	16.5342389	15.6750424	16.7068233	1.03178083	0.363193431	0	35.2	56.1634	0	0	3
58	14	0	1.15141775	16.6281401	16.5708965	16.0352035	16.7068233	0.671619776	0.363193431	0	54	56.1418	0	0	3
59	14	0	1.17126978	16.6595773	16.5949108	16.1839212	16.7068233	0.522902107	0.363193431	0	69.4	56.0557	0	0	3
60	15	0	1.19112181	16.6143848	16.6114671	16.3414572	16.7068233	0.365366063	0.363193431	0	99.4	56.0793	0	0	3
61	15	0	1.21097384	16.6592351	16.6236894	16.4314303	16.7068233	0.275393011	0.363193431	0	100	55.9915	0	0	3
62	15	0	1.23082587	16.6466038	16.6319653	16.560498	16.7068233	0.146325315	0.363193431	0	100	56.0191	0	0	3
63	15	0	1.2506779	16.6634512	16.635925	16.5855534	16.7068233	0.121269863	0.363193431	0	100	55.9906	0	0	3
64	16	0	1.27052993	16.5753826	16.6347973	16.5753826	16.7068233	0.13144065	0.363193431	0	100	56.003	0	0	3
65	16	0	1.29038196	16.7058463	16.6387662	16.5753826	16.7068233	0.13144065	0.363193431	0	100	55.9717	0	0	3
66	16	0	1.31023399	16.6717543	16.6420541	16.5753826	16.7068233	0.13144065	0.363193431	0	100	56.0065	0	0	3
67	16	0	1.33008602	16.6675394	16.6452074	16.5753826	16.7068233	0.13144065	0.363193431	0	100	55.9521	0	0	3
68	17	0	1.34993805	16.6389443	16.6458673	16.5753826	16.7068233	0.13144065	0.363193431	0	100	56.0016	0	0	3
69	17	0	1.36979008	16.647737	16.6438116	16.5753826	16.7068233	0.13144065	0.363193431	0	100	55.9411	0	0	3
70	17	0	1.38964211	16.6252384	16.641941	16.5753826	16.7068233	0.13144065	0.363193431	0	100	56.0179	0	0	3
