Iteration	CPUTime	PhysTime	Travels	Value	AvValue	MinValue	MaxValue	Delta	Criteria	Progress	dGMaxMin	CriteriaType	CriteriaVarType	CriteriaPercentage
1	2	0	0.0177499803	7237.12787	7237.12787	7237.12787	7237.12787	0	0	0	0	1.22181e+07	0	0	3
2	3	0	0.0354999607	279666.621	143451.875	7237.12787	279666.621	136214.747	0	0	0	5.90793e+06	0	0	3
3	3	0	0.053249941	539958.412	275620.72	7237.12787	539958.412	268383.592	0	0	0	6.16448e+06	0	0	3
4	3	0	0.0709999213	648186.566	368762.182	7237.12787	648186.566	361525.054	0	0	0	5.63605e+06	0	0	3
5	3	0	0.0887499017	656235.033	426256.752	7237.12787	656235.033	419019.624	0	0	0	5.14175e+06	0	0	3
6	4	0	0.106499882	633401.214	460780.829	7237.12787	656235.033	453543.701	0	0	0	4.73021e+06	0	0	3
7	4	0	0.124249862	618758.435	483349.059	7237.12787	656235.033	476111.931	0	0	0	4.28551e+06	0	0	3
8	4	0	0.141999843	614714.79	499769.775	7237.12787	656235.033	492532.647	0	0	0	3.99712e+06	0	0	3
9	4	0	0.159749823	616346.065	512722.696	7237.12787	656235.033	505485.568	0	0	0	3.71445e+06	0	0	3
10	5	0	0.177499803	621012.218	523551.648	7237.12787	656235.033	516314.52	0	0	0	3.74157e+06	0	0	3
11	5	0	0.195249784	624629.781	532740.569	7237.12787	656235.033	525503.442	0	0	0	3.84575e+06	0	0	3
12	5	0	0.212999764	627339.755	540623.835	7237.12787	656235.033	533386.707	0	0	0	3.94163e+06	0	0	3
13	5	0	0.230749744	629299.71	547445.056	7237.12787	656235.033	540207.928	0	0	0	3.94683e+06	0	0	3
14	6	0	0.248499725	628630.379	553244.008	7237.12787	656235.033	546006.88	0	0	0	4.00304e+06	0	0	3
15	6	0	0.266249705	628484.884	558260.066	7237.12787	656235.033	551022.938	0	0	0	4.07259e+06	0	0	3
16	6	0	0.283999685	627290.529	562574.47	7237.12787	656235.033	555337.342	0	0	0	4.14072e+06	0	0	3
17	6	0	0.301749666	626981.796	566363.136	7237.12787	656235.033	559126.008	0	0	0	4.18411e+06	0	0	3
18	7	0	0.319499646	626413.566	569699.271	7237.12787	656235.033	562462.143	0	0	0	4.20081e+06	0	0	3
19	7	0	0.337249626	626845.055	572706.944	7237.12787	656235.033	565469.816	0	0	0	4.19748e+06	0	0	3
20	7	0	0.354999607	626535.312	575398.362	7237.12787	656235.033	568161.235	0	0	0	4.2034e+06	0	0	3
21	8	0	0.372749587	626993.82	577855.289	7237.12787	656235.033	570618.161	0	0	0	4.18168e+06	0	0	3
22	8	0	0.390499567	627045.458	580091.206	7237.12787	656235.033	572854.078	0	0	0	4.15267e+06	0	0	3
23	8	0	0.408249548	626790.672	582121.617	7237.12787	656235.033	574884.489	0	0	0	4.10889e+06	0	0	3
24	8	0	0.425999528	626627.396	583976.025	7237.12787	656235.033	576738.897	0	0	0	4.07264e+06	0	0	3
25	9	0	0.443749508	626908.222	585693.313	7237.12787	656235.033	578456.185	0	0	0	4.03376e+06	0	0	3
26	9	0	0.461499489	627192.424	587289.432	7237.12787	656235.033	580052.304	0	0	0	4.00856e+06	0	0	3
27	9	0	0.479249469	627407.937	588775.303	7237.12787	656235.033	581538.175	0	0	0	3.96674e+06	0	0	3
28	9	0	0.496999449	627162.501	590146.274	7237.12787	656235.033	582909.146	0	0	0	3.943e+06	0	0	3
29	10	0	0.51474943	627076.191	591419.72	7237.12787	656235.033	584182.592	0	0	0	3.91866e+06	0	0	3
30	10	0	0.53249941	627016.276	612791.414	279666.621	656235.033	376568.412	0	0	0	3.90035e+06	0	0	3
31	10	0	0.55024939	627287.375	624778.337	539958.412	656235.033	116276.621	0	0	0	3.87567e+06	0	0	3
32	11	0	0.567999371	627456.555	627795.514	614714.79	656235.033	41520.2435	0	0	0	3.85759e+06	0	0	3
33	11	0	0.585749351	627548.392	627083.853	614714.79	656235.033	41520.2435	0	0	0	3.84628e+06	0	0	3
34	11	0	0.603499331	627624.296	626097.276	614714.79	633401.214	18686.4243	0	0	0	3.83503e+06	0	0	3
35	11	0	0.621249312	627666.911	625899.541	614714.79	629299.71	14584.9205	0	0	0	3.8181e+06	0	0	3
36	12	0	0.638999292	627770.565	626210.305	614714.79	629299.71	14584.9205	0	0	0	3.8181e+06	0	0	3
37	12	0	0.656749272	627805.974	626661.725	616346.065	629299.71	12953.6458	0	0	0	3.79851e+06	0	0	3
38	12	0	0.674499253	627835.734	627057.92	621012.218	629299.71	8287.49223	0	0	0	3.81075e+06	0	0	3
39	12	0	0.692249233	627870.318	627294.406	624629.781	629299.71	4669.9296	0	0	0	3.77927e+06	0	0	3
40	13	0	0.709999213	627925.602	627408.055	626413.566	629299.71	2886.1444	0	0	0	3.79272e+06	0	0	3
41	13	0	0.727749194	627921.221	627428.106	626413.566	629299.71	2886.1444	0	0	0	3.76781e+06	0	0	3
42	13	0	0.745499174	628001.658	627383.346	626413.566	628630.379	2216.81276	0	0	0	3.8038e+06	0	0	3
43	14	0	0.763249154	627993.749	627361.393	626413.566	628484.884	2071.31759	0	0	0	3.76134e+06	0	0	3
44	14	0	0.780999135	627977.742	627343.905	626413.566	628001.658	1588.09199	0	0	0	3.79156e+06	0	0	3
45	14	0	0.798749115	627862.79	627363.638	626413.566	628001.658	1588.09199	0	0	0	3.75924e+06	0	0	3
46	14	0	0.816499095	627821.843	627392.605	626413.566	628001.658	1588.09199	0	0	0	3.79075e+06	0	0	3
47	15	0	0.834249076	627682.932	627436.377	626535.312	628001.658	1466.34641	0	0	0	3.75641e+06	0	0	3
48	15	0	0.851999056	627643.871	627463.922	626535.312	628001.658	1466.34641	0	0	0	3.78109e+06	0	0	3
49	15	0	0.869749036	627493.919	627496.977	626627.396	628001.658	1374.26203	0	0	0	3.75002e+06	0	0	3
50	15	0	0.887499017	627514.592	627514.935	626627.396	628001.658	1374.26203	0	0	0	3.78441e+06	0	0	3
51	16	0	0.905248997	627370.642	627526.148	626627.396	628001.658	1374.26203	0	0	0	3.74253e+06	0	0	3
52	16	0	0.922998977	627300.941	627543.744	626627.396	628001.658	1374.26203	0	0	0	3.7691e+06	0	0	3
53	16	0	0.940748958	627065.939	627558.866	626908.222	628001.658	1093.43583	0	0	0	3.73895e+06	0	0	3
54	17	0	0.958498938	626981.349	627561.388	626981.349	628001.658	1020.3094	0	0	0	3.768e+06	0	0	3
55	17	0	0.976248918	626758.774	627546.434	626758.774	628001.658	1242.88362	0	0	0	3.73349e+06	0	0	3
56	17	0	0.993998899	626656.319	627520.516	626656.319	628001.658	1345.33903	0	0	0	3.75942e+06	0	0	3
57	17	0	1.01174888	626469.244	627496.611	626469.244	628001.658	1532.41395	3488.29864	0	100	3.72882e+06	0	0	3
58	18	0	1.02949886	626415.461	627473.827	626415.461	628001.658	1586.19723	3488.29864	0	100	3.76113e+06	0	0	3
59	18	0	1.04724884	626226.942	627446.609	626226.942	628001.658	1774.71577	3488.29864	0	100	3.72006e+06	0	0	3
60	18	0	1.06499882	626178.76	627408.381	626178.76	628001.658	1822.89806	3488.29864	0	100	3.74349e+06	0	0	3
61	19	0	1.0827488	626048.214	627359.817	626048.214	628001.658	1661.84609	3488.29864	0	100	3.71573e+06	0	0	3
62	19	0	1.10049878	625997.025	627306.322	625997.025	628001.658	1661.84609	3488.29864	0	100	3.74407e+06	0	0	3
63	19	0	1.11824876	625754.445	627241.844	625754.445	628001.658	1661.84609	3488.29864	0	100	3.7093e+06	0	0	3
64	20	0	1.13599874	625644.955	627172.121	625644.955	628001.658	1351.08297	3488.29864	0	100	3.73103e+06	0	0	3
65	20	0	1.15374872	625450.948	627092.135	625450.948	628001.658	899.662829	3488.29864	0	100	3.70358e+06	0	0	3
66	20	0	1.1714987	625407.502	627009.429	625407.502	628001.658	551.958954	3488.29864	0	100	3.73652e+06	0	0	3
67	21	0	1.18924868	625274.202	626921.1	625274.202	628001.658	640.287637	3488.29864	0	100	3.69693e+06	0	0	3
68	21	0	1.20699866	625286.228	626831.993	625274.202	628001.658	729.394185	3488.29864	0	100	3.72172e+06	0	0	3
69	21	0	1.22474864	625159.674	626736.617	625159.674	628001.658	824.77101	3488.29864	0	100	3.69499e+06	0	0	3
70	21	0	1.24249862	625193.515	626642.558	625159.674	628001.658	918.82982	3488.29864	0	100	3.72387e+06	0	0	3
71	22	0	1.2602486	625050.228	626540.784	625050.228	627993.749	1020.60326	3488.29864	0	100	3.68951e+06	0	0	3
72	22	0	1.27799858	625046.429	626439.153	625046.429	627977.742	1122.23498	3488.29864	0	100	3.71191e+06	0	0	3
73	22	0	1.29574856	624877.557	626332.25	624877.557	627862.79	1229.13791	3488.29864	0	100	3.68765e+06	0	0	3
74	23	0	1.31349854	624856.553	626228.586	624856.553	627821.843	1332.80125	3488.29864	0	100	3.71885e+06	0	0	3
75	23	0	1.33124852	624700.109	626120.94	624700.109	627682.932	1440.44727	3488.29864	0	100	3.68514e+06	0	0	3
76	23	0	1.34899851	624691.815	626017.798	624691.815	627643.871	1543.58922	3488.29864	0	100	3.70816e+06	0	0	3
77	24	0	1.36674849	624547.52	625911.028	624547.52	627514.592	1650.35993	3488.29864	0	100	3.68179e+06	0	0	3
78	24	0	1.38449847	624524.592	625808.637	624524.592	627514.592	1752.75052	3488.29864	0	100	3.71177e+06	0	0	3
79	24	0	1.40224845	624407.394	625701.492	624407.394	627370.642	1859.8953	3488.29864	0	100	3.6773e+06	0	0	3
80	25	0	1.41999843	624379.037	625598.333	624379.037	627300.941	1963.05411	3488.29864	0	100	3.69786e+06	0	0	3
81	25	0	1.43774841	624249.961	625493.127	624249.961	627065.939	2068.26032	3488.29864	0	100	3.67366e+06	0	0	3
82	25	0	1.45549839	624194.471	625394.111	624194.471	626981.349	2167.27646	3488.29864	0	100	3.70408e+06	0	0	3
83	26	0	1.47324837	624096.822	625294.645	624096.822	626758.774	2251.78948	3488.29864	0	100	3.66977e+06	0	0	3
84	26	0	1.49099835	624083.116	625202.381	624083.116	626656.319	2318.13569	3488.29864	0	100	3.69183e+06	0	0	3
85	26	0	1.50874833	624001.945	625110.85	624001.945	626469.244	2385.76042	3488.29864	0	100	3.66706e+06	0	0	3
86	26	0	1.52649831	624001.873	625025.769	624001.873	626415.461	2413.5882	3488.29864	0	100	3.69724e+06	0	0	3
87	27	0	1.54424829	623926.877	624939.955	623926.877	626226.942	2300.0651	3488.29864	0	100	3.66603e+06	0	0	3
88	27	0	1.56199827	623935.458	624860.939	623926.877	626178.76	2251.88281	3488.29864	0	100	3.68595e+06	0	0	3
89	27	0	1.57974825	623842.657	624780.383	623842.657	626048.214	2205.55632	3488.29864	0	100	3.65941e+06	0	0	3
90	28	0	1.59749823	623801.357	624702.906	623801.357	625997.025	2195.66772	3488.29864	0	100	3.68936e+06	0	0	3
91	28	0	1.61524821	623666.246	624622.534	623666.246	625754.445	2088.19916	3488.29864	0	100	3.65859e+06	0	0	3
92	28	0	1.63299819	623661.934	624550.378	623661.934	625644.955	1983.02095	3488.29864	0	100	3.67855e+06	0	0	3
93	29	0	1.65074817	623582.412	624479.256	623582.412	625450.948	1868.53564	3488.29864	0	100	3.65198e+06	0	0	3
94	29	0	1.66849815	623590.17	624415.091	623582.412	625407.502	1825.08956	3488.29864	0	100	3.68306e+06	0	0	3
95	29	0	1.68624813	623517.281	624349.911	623517.281	625286.228	1768.94628	3488.29864	0	100	3.65282e+06	0	0	3
96	30	0	1.70399811	623546.666	624290.341	623517.281	625286.228	1768.94628	3488.29864	0	100	3.67404e+06	0	0	3
97	30	0	1.72174809	623480.501	624228.075	623480.501	625193.515	1713.01447	3488.29864	0	100	3.64811e+06	0	0	3
98	30	0	1.73949807	623481.086	624170.192	623480.501	625193.515	1713.01447	3488.29864	0	100	3.6792e+06	0	0	3
99	31	0	1.75724805	623439.639	624109.714	623439.639	625050.228	1610.58877	3488.29864	0	100	3.64907e+06	0	0	3
100	31	0	1.77499803	623419.795	624053.492	623419.795	625046.429	1626.63375	3488.29864	0	100	3.66908e+06	0	0	3
101	32	0	1.79274801	623285.598	623992.774	623285.598	624877.557	1591.95902	3488.29864	0	100	3.64397e+06	0	0	3
102	32	0	1.81049799	623270.129	623937.345	623270.129	624856.553	1586.42391	3488.29864	0	100	3.6748e+06	0	0	3
103	33	0	1.82824797	623223.009	623881.016	623223.009	624700.109	1477.1002	3488.29864	0	100	3.64489e+06	0	0	3
104	33	0	1.84599795	623262.015	623831.427	623223.009	624691.815	1468.80655	3488.29864	0	100	3.66441e+06	0	0	3
