Iteration	CPUTime	PhysTime	Travels	Value	AvValue	MinValue	MaxValue	Delta	Criteria	Progress	dGMaxMin	CriteriaType	CriteriaVarType	CriteriaPercentage
1	4	0	0.0161498398	1550.32753	1550.32753	1550.32753	1550.32753	0	0	0	0	0	0	0	3
2	4	0	0.0322996796	1542.31594	1546.32174	1542.31594	1550.32753	4.00579609	0	0	0	0	0	0	3
3	4	0	0.0484495194	1535.06524	1542.56957	1535.06524	1550.32753	7.75796052	0	0	0	0	0	0	3
4	5	0	0.0645993592	1535.3298	1540.75963	1535.06524	1550.32753	9.56790411	0	0	0	0	0	0	3
5	5	0	0.0807491989	1527.97	1538.2017	1527.97	1550.32753	12.1258307	0	0	0	0	0	0	3
6	5	0	0.0968990387	1512.04337	1533.84198	1512.04337	1550.32753	16.4855521	0	0	0	0	0	0	3
7	6	0	0.113048879	1495.89554	1528.42106	1495.89554	1550.32753	21.906472	0	0	0	0	0	0	3
8	6	0	0.129198718	1483.55717	1522.81307	1483.55717	1550.32753	27.5144582	0	0	0	0	0	0	3
9	6	0	0.145348558	1473.27673	1517.30904	1473.27673	1550.32753	33.0184962	0	0	0	0	0	0	3
10	6	0	0.161498398	1465.76473	1512.15461	1465.76473	1550.32753	38.1729266	0	0	0	0	0	0	3
11	7	0	0.177648238	1457.67604	1507.20201	1457.67604	1550.32753	43.1255237	0	0	0	0	0	0	3
12	7	0	0.193798077	1453.05676	1502.6899	1453.05676	1550.32753	47.6376274	0	0	0	0	0	0	3
13	7	0	0.209947917	1452.79625	1498.85193	1452.79625	1550.32753	51.4756012	0	0	0	0	0	0	3
14	8	0	0.226097757	1451.57661	1495.47512	1451.57661	1550.32753	54.8524096	0	0	0	0	0	0	3
15	8	0	0.242247597	1450.95307	1492.50699	1450.95307	1550.32753	57.8205464	0	0	0	0	0	0	3
16	8	0	0.258397437	1450.74921	1489.89712	1450.74921	1550.32753	60.4304072	0	0	0	0	0	0	3
17	9	0	0.274547276	1450.97591	1487.60764	1450.74921	1550.32753	62.7198902	0	0	0	0	0	0	3
18	9	0	0.290697116	1451.59619	1485.60701	1450.74921	1550.32753	64.7205267	0	0	0	0	0	0	3
19	9	0	0.306846956	1452.27644	1483.85276	1450.74921	1550.32753	66.4747672	0	0	0	0	0	0	3
20	9	0	0.322996796	1453.05285	1482.31277	1450.74921	1550.32753	68.0147628	0	0	0	0	0	0	3
21	10	0	0.339146636	1454.54489	1480.99049	1450.74921	1550.32753	69.3370427	0	0	0	0	0	0	3
22	10	0	0.355296475	1455.96128	1479.8528	1450.74921	1550.32753	70.4747339	0	0	0	0	0	0	3
23	10	0	0.371446315	1457.0529	1478.8615	1450.74921	1550.32753	71.4660337	0	0	0	0	0	0	3
24	11	0	0.387596155	1457.78822	1477.98345	1450.74921	1550.32753	72.344087	0	0	0	0	0	0	3
25	11	0	0.403745995	1458.25714	1477.19439	1450.74921	1550.32753	73.1331394	0	0	0	0	0	0	3
26	11	0	0.419895835	1458.5452	1476.47712	1450.74921	1550.32753	73.8504159	0	0	0	0	0	0	3
27	12	0	0.436045674	1458.82431	1475.82331	1450.74921	1550.32753	74.5042237	0	0	0	0	0	0	3
28	12	0	0.452195514	1458.97199	1475.22148	1450.74921	1550.32753	75.1060565	0	0	0	0	0	0	3
29	12	0	0.468345354	1459.22652	1474.66993	1450.74921	1550.32753	75.6576065	0	0	0	0	0	0	3
30	13	0	0.484495194	1459.1529	1474.15269	1450.74921	1550.32753	76.1748408	0	0	0	0	0	0	3
31	13	0	0.500645033	1459.45015	1473.67842	1450.74921	1550.32753	76.6491162	0	0	0	0	0	0	3
32	13	0	0.516794873	1459.30873	1470.74233	1450.74921	1542.31594	75.5794105	0	0	0	0	0	0	3
33	13	0	0.532944713	1459.42193	1468.06833	1450.74921	1535.3298	74.5012464	0	0	0	0	0	0	3
34	14	0	0.549094553	1459.30584	1465.62447	1450.74921	1535.3298	75.1351545	0	0	0	0	0	0	3
35	14	0	0.565244393	1459.36518	1463.174	1450.74921	1527.97	75.0276994	0	0	0	0	0	0	3
36	14	0	0.581394232	1459.14348	1460.95379	1450.74921	1512.04337	61.29416	0	0	0	0	0	0	3
37	15	0	0.597544072	1459.31416	1459.25285	1450.74921	1495.89554	45.1463274	0	0	0	0	0	0	3
38	15	0	0.613693912	1459.20453	1458.06927	1450.74921	1483.55717	32.8079575	0	0	0	0	0	0	3
39	15	0	0.629843752	1459.37768	1457.28928	1450.74921	1473.27673	22.5275193	0	0	0	0	0	0	3
40	16	0	0.645993592	1459.23689	1456.83639	1450.74921	1465.76473	15.0155193	0	0	0	0	0	0	3
41	16	0	0.662143431	1459.38643	1456.63063	1450.74921	1459.45015	8.70093949	0	0	0	0	0	0	3
42	16	0	0.678293271	1459.06252	1456.67536	1450.74921	1459.45015	8.70093949	0	0	0	0	0	0	3
43	17	0	0.694443111	1458.72703	1456.85827	1450.74921	1459.45015	8.70093949	0	0	0	0	0	0	3
44	17	0	0.710592951	1458.13519	1457.0305	1450.74921	1459.45015	8.70093949	0	0	0	0	0	0	3
45	17	0	0.72674279	1457.44493	1457.2198	1450.74921	1459.45015	8.70093949	0	0	0	0	0	0	3
46	18	0	0.74289263	1456.88049	1457.411	1450.74921	1459.45015	8.70093949	0	0	0	0	0	0	3
47	18	0	0.75904247	1456.95606	1457.61122	1450.97591	1459.45015	8.47423962	0	0	0	0	0	0	3
48	18	0	0.77519231	1456.4309	1457.78719	1451.59619	1459.45015	7.85396668	0	0	0	0	0	0	3
49	19	0	0.79134215	1456.34073	1457.94024	1452.27644	1459.45015	7.17371612	0	0	0	0	0	0	3
50	19	0	0.807491989	1456.31808	1458.07062	1453.05285	1459.45015	6.39730094	0	0	0	0	0	0	3
51	19	0	0.823641829	1456.34178	1458.17671	1454.54489	1459.45015	4.90526053	0	0	0	0	0	0	3
52	20	0	0.839791669	1456.12993	1458.22784	1455.96128	1459.45015	3.48886856	0	0	0	0	0	0	3
53	20	0	0.855941509	1456.53526	1458.24636	1456.12993	1459.45015	3.32021951	0	0	0	0	0	0	3
54	20	0	0.872091349	1456.25668	1458.22067	1456.12993	1459.45015	3.32021951	0	0	0	0	0	0	3
55	21	0	0.888241188	1456.37485	1458.17508	1456.12993	1459.45015	3.32021951	0	0	0	0	0	0	3
56	21	0	0.904391028	1456.18162	1458.10813	1456.12993	1459.45015	3.32021951	0	0	0	0	0	0	3
57	21	0	0.920540868	1456.2615	1458.03446	1456.12993	1459.45015	3.32021951	0	0	0	0	0	0	3
58	22	0	0.936690708	1455.92829	1457.94104	1455.92829	1459.45015	3.52186665	0	0	0	0	0	0	3
59	22	0	0.952840548	1455.87775	1457.84123	1455.87775	1459.45015	3.57240171	0	0	0	0	0	0	3
60	22	0	0.968990387	1455.75506	1457.72924	1455.75506	1459.45015	3.69509209	0	0	0	0	0	0	3
61	23	0	0.985140227	1455.76966	1457.62011	1455.75506	1459.45015	3.69509209	0	0	0	0	0	0	3
62	23	0	1.00129007	1456.10413	1457.51217	1455.75506	1459.42193	3.66686834	2.53741753	0	69.1	0	0	0	3
63	23	0	1.01743991	1456.34459	1457.41655	1455.75506	1459.42193	3.66686834	2.53741753	0	69.1	0	0	0	3
64	24	0	1.03358975	1456.90835	1457.33547	1455.75506	1459.38643	3.6313715	2.53741753	0	69.8	0	0	0	3
65	24	0	1.04973959	1457.19636	1457.26742	1455.75506	1459.38643	3.6313715	2.53741753	0	69.8	0	0	0	3
66	24	0	1.06588943	1457.71899	1457.21432	1455.75506	1459.38643	3.6313715	2.53741753	0	69.8	0	0	0	3
67	25	0	1.08203927	1457.82382	1457.17175	1455.75506	1459.38643	2.62221437	2.53741753	0	96.7	0	0	0	3
68	25	0	1.09818911	1458.0031	1457.12946	1455.75506	1459.38643	1.61572222	2.53741753	0	100	0	0	0	3
69	26	0	1.11433895	1457.75131	1457.08258	1455.75506	1459.38643	1.61572222	2.53741753	0	100	0	0	0	3
70	26	0	1.13048879	1457.61429	1457.0257	1455.75506	1459.38643	1.61572222	2.53741753	0	100	0	0	0	3
71	26	0	1.14663863	1457.22137	1456.96068	1455.75506	1459.38643	1.61572222	2.53741753	0	100	0	0	0	3
72	27	0	1.16278846	1456.82134	1456.87793	1455.75506	1459.06252	1.5709969	2.53741753	0	100	0	0	0	3
73	27	0	1.1789383	1456.5129	1456.79569	1455.75506	1458.72703	1.45066856	2.53741753	0	100	0	0	0	3
74	27	0	1.19508814	1456.04176	1456.70907	1455.75506	1458.13519	1.53729	2.53741753	0	100	0	0	0	3
75	28	0	1.21123798	1455.84598	1456.63522	1455.75506	1458.0031	1.61113558	2.53741753	0	100	0	0	0	3
76	28	0	1.22738782	1455.75615	1456.58074	1455.75506	1458.0031	1.66561243	2.53741753	0	100	0	0	0	3
77	29	0	1.24353766	1455.85053	1456.54752	1455.75506	1458.0031	1.69883711	2.53741753	0	100	0	0	0	3
78	29	0	1.2596875	1455.81727	1456.51078	1455.75506	1458.0031	1.73557231	2.53741753	0	100	0	0	0	3
79	29	0	1.27583734	1455.83088	1456.49143	1455.75506	1458.0031	1.75492774	2.53741753	0	100	0	0	0	3
80	30	0	1.29198718	1455.7139	1456.47121	1455.7139	1458.0031	1.77514799	2.53741753	0	100	0	0	0	3
81	30	0	1.30813702	1455.71881	1456.45188	1455.7139	1458.0031	1.79447909	2.53741753	0	100	0	0	0	3
82	30	0	1.32428686	1455.68264	1456.43062	1455.68264	1458.0031	1.81574151	2.53741753	0	100	0	0	0	3
83	31	0	1.3404367	1455.89022	1456.42288	1455.68264	1458.0031	1.82347425	2.53741753	0	100	0	0	0	3
84	31	0	1.35658654	1456.04725	1456.40714	1455.68264	1458.0031	1.81353186	2.53741753	0	100	0	0	0	3
85	32	0	1.37273638	1456.27041	1456.40758	1455.68264	1458.0031	1.76793942	2.53741753	0	100	0	0	0	3
86	32	0	1.38888622	1456.28831	1456.40479	1455.68264	1458.0031	1.70333608	2.53741753	0	100	0	0	0	3
87	32	0	1.40503606	1456.4156	1456.41234	1455.68264	1458.0031	1.6296682	2.53741753	0	100	0	0	0	3
