Iteration	CPUTime	PhysTime	Travels	Value	AvValue	MinValue	MaxValue	Delta	Criteria	Progress	dGMaxMin	CriteriaType	CriteriaVarType	CriteriaPercentage
1	4	0	0.0161498398	34.8480702	34.8480702	34.8480702	34.8480702	0	0	0	0	74.1509	0	0	3
2	4	0	0.0322996796	34.6679866	34.7580284	34.6679866	34.8480702	0.0900417881	0	0	0	73.3263	0	0	3
3	4	0	0.0484495194	34.5050063	34.6736877	34.5050063	34.8480702	0.174382475	0	0	0	72.6103	0	0	3
4	5	0	0.0645993592	34.510953	34.633004	34.5050063	34.8480702	0.215066163	0	0	0	71.9563	0	0	3
5	5	0	0.0807491989	34.3455202	34.5755073	34.3455202	34.8480702	0.27256292	0	0	0	71.3427	0	0	3
6	5	0	0.0968990387	33.9875236	34.47751	33.9875236	34.8480702	0.370560198	0	0	0	70.3804	0	0	3
7	6	0	0.113048879	33.6245546	34.3556592	33.6245546	34.8480702	0.492410965	0	0	0	69.4242	0	0	3
8	6	0	0.129198718	33.3472143	34.2296036	33.3472143	34.8480702	0.618466584	0	0	0	68.6214	0	0	3
9	6	0	0.145348558	33.1161319	34.1058845	33.1161319	34.8480702	0.742185667	0	0	0	67.969	0	0	3
10	6	0	0.161498398	32.9472781	33.9900239	32.9472781	34.8480702	0.858046314	0	0	0	67.4237	0	0	3
11	7	0	0.177648238	32.7654614	33.8787	32.7654614	34.8480702	0.969370179	0	0	0	66.7708	0	0	3
12	7	0	0.193798077	32.6616299	33.7772775	32.6616299	34.8480702	1.07079269	0	0	0	66.2439	0	0	3
13	7	0	0.209947917	32.655774	33.691008	32.655774	34.8480702	1.15706219	0	0	0	65.8223	0	0	3
14	8	0	0.226097757	32.6283593	33.6151045	32.6283593	34.8480702	1.23296567	0	0	0	65.5299	0	0	3
15	8	0	0.242247597	32.6143433	33.5483871	32.6143433	34.8480702	1.29968308	0	0	0	65.5629	0	0	3
16	8	0	0.258397437	32.6097611	33.489723	32.6097611	34.8480702	1.35834721	0	0	0	65.6306	0	0	3
17	9	0	0.274547276	32.6148568	33.4382603	32.6097611	34.8480702	1.40980992	0	0	0	65.663	0	0	3
18	9	0	0.290697116	32.6287992	33.3932902	32.6097611	34.8480702	1.45477998	0	0	0	65.6817	0	0	3
19	9	0	0.306846956	32.6440898	33.3538586	32.6097611	34.8480702	1.49421158	0	0	0	65.8231	0	0	3
20	9	0	0.322996796	32.661542	33.3192428	32.6097611	34.8480702	1.52882741	0	0	0	65.84	0	0	3
21	10	0	0.339146636	32.6950799	33.2895207	32.6097611	34.8480702	1.55854946	0	0	0	65.7922	0	0	3
22	10	0	0.355296475	32.7269174	33.2639479	32.6097611	34.8480702	1.58412234	0	0	0	65.7205	0	0	3
23	10	0	0.371446315	32.7514546	33.2416655	32.6097611	34.8480702	1.60640465	0	0	0	65.6397	0	0	3
24	11	0	0.387596155	32.767983	33.2219288	32.6097611	34.8480702	1.62614143	0	0	0	65.5303	0	0	3
25	11	0	0.403745995	32.7785232	33.2041925	32.6097611	34.8480702	1.64387765	0	0	0	65.4614	0	0	3
26	11	0	0.419895835	32.7849984	33.1880697	32.6097611	34.8480702	1.6600005	0	0	0	65.4019	0	0	3
27	12	0	0.436045674	32.791272	33.1733735	32.6097611	34.8480702	1.67469671	0	0	0	65.3726	0	0	3
28	12	0	0.452195514	32.7945916	33.1598456	32.6097611	34.8480702	1.68822463	0	0	0	65.3559	0	0	3
29	12	0	0.468345354	32.800313	33.1474479	32.6097611	34.8480702	1.70062231	0	0	0	65.3292	0	0	3
30	13	0	0.484495194	32.798658	33.1358216	32.6097611	34.8480702	1.71224863	0	0	0	65.364	0	0	3
31	13	0	0.500645033	32.8053397	33.1251609	32.6097611	34.8480702	1.72290934	0	0	0	65.3518	0	0	3
32	13	0	0.516794873	32.8021609	33.0591638	32.6097611	34.6679866	1.69886463	0	0	0	65.3415	0	0	3
33	13	0	0.532944713	32.8047053	32.9990579	32.6097611	34.510953	1.67462979	0	0	0	65.2573	0	0	3
34	14	0	0.549094553	32.8020959	32.9441253	32.6097611	34.510953	1.68887869	0	0	0	65.1753	0	0	3
35	14	0	0.565244393	32.8034297	32.8890439	32.6097611	34.3455202	1.68646333	0	0	0	65.1588	0	0	3
36	14	0	0.581394232	32.7984463	32.8391383	32.6097611	33.9875236	1.37776253	0	0	0	65.1821	0	0	3
37	15	0	0.597544072	32.8022828	32.8009048	32.6097611	33.6245546	1.01479355	0	0	0	65.2116	0	0	3
38	15	0	0.613693912	32.7998186	32.7743004	32.6097611	33.3472143	0.737453203	0	0	0	65.2426	0	0	3
39	15	0	0.629843752	32.8037106	32.756768	32.6097611	33.1161319	0.506370789	0	0	0	65.2743	0	0	3
40	16	0	0.645993592	32.8005461	32.7465878	32.6097611	32.9472781	0.337516983	0	0	0	65.2936	0	0	3
41	16	0	0.662143431	32.8039074	32.7419629	32.6097611	32.8053397	0.19557864	0	0	0	65.3303	0	0	3
42	16	0	0.678293271	32.7966266	32.7429683	32.6097611	32.8053397	0.19557864	0	0	0	65.36	0	0	3
43	17	0	0.694443111	32.7890853	32.7470797	32.6097611	32.8053397	0.19557864	0	0	0	65.4091	0	0	3
44	17	0	0.710592951	32.7757822	32.750951	32.6097611	32.8053397	0.19557864	0	0	0	65.4554	0	0	3
45	17	0	0.72674279	32.7602667	32.755206	32.6097611	32.8053397	0.19557864	0	0	0	65.5136	0	0	3
46	18	0	0.74289263	32.7475793	32.759504	32.6097611	32.8053397	0.19557864	0	0	0	65.5669	0	0	3
47	18	0	0.75904247	32.7492779	32.7640045	32.6148568	32.8053397	0.190482908	0	0	0	65.6378	0	0	3
48	18	0	0.77519231	32.7374732	32.7679599	32.6287992	32.8053397	0.17654049	0	0	0	65.6944	0	0	3
49	19	0	0.79134215	32.7354464	32.7714001	32.6440898	32.8053397	0.161249902	0	0	0	65.7552	0	0	3
50	19	0	0.807491989	32.7349373	32.7743307	32.661542	32.8053397	0.143797738	0	0	0	65.7866	0	0	3
51	19	0	0.823641829	32.73547	32.7767155	32.6950799	32.8053397	0.110259838	0	0	0	65.8341	0	0	3
52	20	0	0.839791669	32.7307082	32.7778648	32.7269174	32.8053397	0.0784223553	0	0	0	65.861	0	0	3
53	20	0	0.855941509	32.739819	32.7782809	32.7307082	32.8053397	0.0746314827	0	0	0	65.8767	0	0	3
54	20	0	0.872091349	32.7335573	32.7777036	32.7307082	32.8053397	0.0746314827	0	0	0	65.8799	0	0	3
55	21	0	0.888241188	32.7362135	32.7766788	32.7307082	32.8053397	0.0746314827	0	0	0	65.8917	0	0	3
56	21	0	0.904391028	32.73187	32.7751738	32.7307082	32.8053397	0.0746314827	0	0	0	65.9005	0	0	3
57	21	0	0.920540868	32.7336656	32.773518	32.7307082	32.8053397	0.0746314827	0	0	0	65.9181	0	0	3
58	22	0	0.936690708	32.7261756	32.7714181	32.7261756	32.8053397	0.0791640823	0	0	0	65.9264	0	0	3
59	22	0	0.952840548	32.7250397	32.7691745	32.7250397	32.8053397	0.080300003	0	0	0	65.943	0	0	3
60	22	0	0.968990387	32.7222819	32.7666573	32.7222819	32.8053397	0.0830578222	0	0	0	65.9526	0	0	3
61	23	0	0.985140227	32.72261	32.7642042	32.7222819	32.8053397	0.0830578222	0	0	0	65.9707	0	0	3
62	23	0	1.00129007	32.7301282	32.761778	32.7222819	32.8047053	0.0824234121	0.0570357568	0	69.1	65.9819	0	0	3
63	23	0	1.01743991	32.7355333	32.7596287	32.7222819	32.8047053	0.0824234121	0.0570357568	0	69.1	66.0005	0	0	3
64	24	0	1.03358975	32.7482054	32.7578061	32.7222819	32.8039074	0.0816255186	0.0570357568	0	69.8	66.0116	0	0	3
65	24	0	1.04973959	32.7546793	32.7562766	32.7222819	32.8039074	0.0816255186	0.0570357568	0	69.8	66.0257	0	0	3
66	24	0	1.06588943	32.7664269	32.7550829	32.7222819	32.8039074	0.0816255186	0.0570357568	0	69.8	66.0343	0	0	3
67	25	0	1.08203927	32.7687833	32.7541261	32.7222819	32.8039074	0.0589418097	0.0570357568	0	96.7	66.0508	0	0	3
68	25	0	1.09818911	32.7728131	32.7531754	32.7222819	32.8039074	0.0363180038	0.0570357568	0	100	66.0534	0	0	3
69	26	0	1.11433895	32.7671534	32.7521217	32.7222819	32.8039074	0.0363180038	0.0570357568	0	100	66.0692	0	0	3
70	26	0	1.13048879	32.7640735	32.7508431	32.7222819	32.8039074	0.0363180038	0.0570357568	0	100	66.0717	0	0	3
71	26	0	1.14663863	32.7552414	32.7493816	32.7222819	32.8039074	0.0363180038	0.0570357568	0	100	66.0878	0	0	3
72	27	0	1.16278846	32.7462495	32.7475217	32.7222819	32.7966266	0.0353126737	0.0570357568	0	100	66.0856	0	0	3
73	27	0	1.1789383	32.7393164	32.745673	32.7222819	32.7890853	0.0326079482	0.0570357568	0	100	66.099	0	0	3
74	27	0	1.19508814	32.7287263	32.7437259	32.7222819	32.7757822	0.0345550142	0.0570357568	0	100	66.0987	0	0	3
75	28	0	1.21123798	32.7243255	32.742066	32.7222819	32.7728131	0.036214906	0.0570357568	0	100	66.1108	0	0	3
76	28	0	1.22738782	32.7223064	32.7408415	32.7222819	32.7728131	0.0374394297	0.0570357568	0	100	66.1093	0	0	3
77	29	0	1.24353766	32.7244278	32.7400947	32.7222819	32.7728131	0.0381862501	0.0570357568	0	100	66.121	0	0	3
78	29	0	1.2596875	32.7236803	32.739269	32.7222819	32.7728131	0.0390119793	0.0570357568	0	100	66.1181	0	0	3
79	29	0	1.27583734	32.7239861	32.7388339	32.7222819	32.7728131	0.0394470484	0.0570357568	0	100	66.1304	0	0	3
80	30	0	1.29198718	32.7213566	32.7383794	32.7213566	32.7728131	0.0399015565	0.0570357568	0	100	66.1276	0	0	3
81	30	0	1.30813702	32.7214672	32.7379449	32.7213566	32.7728131	0.0403360787	0.0570357568	0	100	66.1398	0	0	3
82	30	0	1.32428686	32.7206541	32.7374669	32.7206541	32.7728131	0.0408140128	0.0570357568	0	100	66.1364	0	0	3
83	31	0	1.3404367	32.72532	32.7372931	32.7206541	32.7728131	0.0409878282	0.0570357568	0	100	66.1487	0	0	3
84	31	0	1.35658654	32.7288497	32.7369393	32.7206541	32.7728131	0.0407643444	0.0570357568	0	100	66.1454	0	0	3
85	32	0	1.37273638	32.7338658	32.7369492	32.7206541	32.7728131	0.0397395233	0.0570357568	0	100	66.1578	0	0	3
86	32	0	1.38888622	32.7342682	32.7368865	32.7206541	32.7728131	0.0382873774	0.0570357568	0	100	66.1539	0	0	3
87	32	0	1.40503606	32.7371295	32.7370561	32.7206541	32.7728131	0.03663148	0.0570357568	0	100	66.1663	0	0	3
