Iteration	CPUTime	PhysTime	Travels	Value	AvValue	MinValue	MaxValue	Delta	Criteria	Progress	dGMaxMin	CriteriaType	CriteriaVarType	CriteriaPercentage
1	4	0	0.0161498398	618501.449	618501.449	618501.449	618501.449	0	0	0	0	2.31984e+07	0	0	3
2	4	0	0.0322996796	657561.37	638031.41	618501.449	657561.37	19529.9607	0	0	0	2.49626e+07	0	0	3
3	4	0	0.0484495194	679418.598	651827.139	618501.449	679418.598	33325.6901	0	0	0	1.63582e+07	0	0	3
4	5	0	0.0645993592	681632.763	659278.545	618501.449	681632.763	40777.0961	0	0	0	8.73944e+06	0	0	3
5	5	0	0.0807491989	680564.17	663535.67	618501.449	681632.763	45034.221	0	0	0	6.56953e+06	0	0	3
6	5	0	0.0968990387	680060.219	666289.761	618501.449	681632.763	47788.3126	0	0	0	5.25434e+06	0	0	3
7	6	0	0.113048879	679267.807	668143.768	618501.449	681632.763	49642.3192	0	0	0	5.18299e+06	0	0	3
8	6	0	0.129198718	679085.513	669511.486	618501.449	681632.763	51010.0373	0	0	0	5.465e+06	0	0	3
9	6	0	0.145348558	678948.634	670560.058	618501.449	681632.763	52058.6093	0	0	0	5.55356e+06	0	0	3
10	6	0	0.161498398	679037.644	671407.817	618501.449	681632.763	52906.3678	0	0	0	5.49292e+06	0	0	3
11	7	0	0.177648238	678988.696	672096.987	618501.449	681632.763	53595.5387	0	0	0	5.2724e+06	0	0	3
12	7	0	0.193798077	679073.804	672678.389	618501.449	681632.763	54176.9401	0	0	0	5.01215e+06	0	0	3
13	7	0	0.209947917	679074.077	673170.365	618501.449	681632.763	54668.9161	0	0	0	4.74604e+06	0	0	3
14	8	0	0.226097757	679061.007	673591.125	618501.449	681632.763	55089.6762	0	0	0	4.50048e+06	0	0	3
15	8	0	0.242247597	678950.184	673948.396	618501.449	681632.763	55446.9468	0	0	0	4.28107e+06	0	0	3
16	8	0	0.258397437	678894.485	674257.526	618501.449	681632.763	55756.0774	0	0	0	4.15044e+06	0	0	3
17	9	0	0.274547276	678785.472	674523.876	618501.449	681632.763	56022.4271	0	0	0	4.02953e+06	0	0	3
18	9	0	0.290697116	678770.393	674759.794	618501.449	681632.763	56258.3447	0	0	0	3.87324e+06	0	0	3
19	9	0	0.306846956	678707.085	674967.546	618501.449	681632.763	56466.0969	0	0	0	3.77631e+06	0	0	3
20	9	0	0.322996796	678696.708	675154.004	618501.449	681632.763	56652.555	0	0	0	3.78505e+06	0	0	3
21	10	0	0.339146636	678620.246	675319.063	618501.449	681632.763	56817.6142	0	0	0	3.79662e+06	0	0	3
22	10	0	0.355296475	678583.048	675467.426	618501.449	681632.763	56965.9772	0	0	0	3.78961e+06	0	0	3
23	10	0	0.371446315	678506.045	675599.54	618501.449	681632.763	57098.091	0	0	0	3.79212e+06	0	0	3
24	11	0	0.387596155	678474.596	675719.334	618501.449	681632.763	57217.885	0	0	0	3.78214e+06	0	0	3
25	11	0	0.403745995	678409.585	675826.944	618501.449	681632.763	57325.4951	0	0	0	3.78461e+06	0	0	3
26	11	0	0.419895835	678343.14	675923.721	618501.449	681632.763	57422.2718	0	0	0	3.77874e+06	0	0	3
27	12	0	0.436045674	678257.204	676010.146	618501.449	681632.763	57508.6971	0	0	0	3.77574e+06	0	0	3
28	12	0	0.452195514	678173.159	676087.396	618501.449	681632.763	57585.9476	0	0	0	3.7763e+06	0	0	3
29	12	0	0.468345354	678096.927	676156.691	618501.449	681632.763	57655.2418	0	0	0	3.7796e+06	0	0	3
30	13	0	0.484495194	678034.973	676219.3	618501.449	681632.763	57717.8512	0	0	0	3.78334e+06	0	0	3
31	13	0	0.500645033	677976.584	676275.987	618501.449	681632.763	57774.5377	0	0	0	3.78486e+06	0	0	3
32	13	0	0.516794873	677909.523	678192.376	657561.37	681632.763	24071.3926	0	0	0	3.78672e+06	0	0	3
33	13	0	0.532944713	677843.351	678846.633	677843.351	681632.763	3789.41189	0	0	0	3.78883e+06	0	0	3
34	14	0	0.549094553	677792.126	678794.167	677792.126	681632.763	3840.63677	0	0	0	3.79052e+06	0	0	3
35	14	0	0.565244393	677740.433	678668.608	677740.433	680564.17	2823.7364	0	0	0	3.79145e+06	0	0	3
36	14	0	0.581394232	677683.552	678575.684	677683.552	680060.219	2376.66763	0	0	0	3.78653e+06	0	0	3
37	15	0	0.597544072	677622.273	678497.041	677622.273	679267.807	1645.53404	0	0	0	3.78245e+06	0	0	3
38	15	0	0.613693912	677589.028	678442.887	677589.028	679085.513	1496.48549	0	0	0	3.77966e+06	0	0	3
39	15	0	0.629843752	677573.813	678394.122	677573.813	679074.077	1500.26458	0	0	0	3.77869e+06	0	0	3
40	16	0	0.645993592	677565.779	678349.514	677565.779	679074.077	1508.29843	0	0	0	3.77783e+06	0	0	3
41	16	0	0.662143431	677563.173	678301.951	677563.173	679074.077	1510.90461	0	0	0	3.77709e+06	0	0	3
42	16	0	0.678293271	677565.139	678256.029	677563.173	679074.077	1510.90461	0	0	0	3.77653e+06	0	0	3
43	17	0	0.694443111	677552.061	678206.941	677552.061	679074.077	1522.01651	0	0	0	3.77548e+06	0	0	3
44	17	0	0.710592951	677537.68	678157.38	677537.68	679061.007	1523.32733	0	0	0	3.77502e+06	0	0	3
45	17	0	0.72674279	677517.783	678107.598	677517.783	678950.184	1432.40075	0	0	0	3.77324e+06	0	0	3
46	18	0	0.74289263	677490.079	678060.498	677490.079	678894.485	1404.4064	0	0	0	3.77051e+06	0	0	3
47	18	0	0.75904247	677455.572	678014.082	677455.572	678785.472	1329.89959	0	0	0	3.76738e+06	0	0	3
48	18	0	0.77519231	677431.238	677970.397	677431.238	678770.393	1339.15483	0	0	0	3.76602e+06	0	0	3
49	19	0	0.79134215	677408.886	677926.477	677408.886	678707.085	1298.19926	0	0	0	3.76383e+06	0	0	3
50	19	0	0.807491989	677389.021	677883.959	677389.021	678696.708	1307.68703	0	0	0	3.7625e+06	0	0	3
51	19	0	0.823641829	677386.015	677841.678	677386.015	678620.246	1234.23161	0	0	0	3.76072e+06	0	0	3
52	20	0	0.839791669	677386.635	677801.884	677386.015	678583.048	1197.03309	0	0	0	3.76024e+06	0	0	3
53	20	0	0.855941509	677392.116	677763.467	677386.015	678506.045	1120.0305	0	0	0	3.75969e+06	0	0	3
54	20	0	0.872091349	677405.478	677727.965	677386.015	678474.596	1088.58136	0	0	0	3.7606e+06	0	0	3
55	21	0	0.888241188	677418.474	677693.897	677386.015	678409.585	1023.57	0	0	0	3.76055e+06	0	0	3
56	21	0	0.904391028	677406.488	677661.539	677386.015	678343.14	957.124844	0	0	0	3.76019e+06	0	0	3
57	21	0	0.920540868	677380.04	677630.471	677380.04	678257.204	877.164336	0	0	0	3.758e+06	0	0	3
58	22	0	0.936690708	677357.106	677601.436	677357.106	678173.159	816.052954	0	0	0	3.75613e+06	0	0	3
59	22	0	0.952840548	677340.545	677574.577	677340.545	678096.927	756.381567	0	0	0	3.75278e+06	0	0	3
60	22	0	0.968990387	677314.581	677549.34	677314.581	678034.973	720.391343	0	0	0	3.74963e+06	0	0	3
61	23	0	0.985140227	677325.965	677526.469	677314.581	677976.584	662.002666	0	0	0	3.74644e+06	0	0	3
62	23	0	1.00129007	677342.833	677506.025	677314.581	677909.523	594.94133	129.545449	0	0	3.74495e+06	0	0	3
63	23	0	1.01743991	677356.638	677488.19	677314.581	677843.351	528.769747	129.545449	0	0	3.74243e+06	0	0	3
64	24	0	1.03358975	677367.275	677472.833	677314.581	677792.126	477.544867	129.545449	0	0	3.74181e+06	0	0	3
65	24	0	1.04973959	677383.254	677459.644	677314.581	677740.433	425.85205	129.545449	0	0	3.74134e+06	0	0	3
66	24	0	1.06588943	677392.227	677448.411	677314.581	677683.552	368.970503	129.545449	0	0	3.74052e+06	0	0	3
67	25	0	1.08203927	677372.131	677438.365	677314.581	677622.273	307.692048	129.545449	0	0	3.73843e+06	0	0	3
68	25	0	1.09818911	677352.324	677429.657	677314.581	677589.028	274.446551	129.545449	0	0	3.73699e+06	0	0	3
69	26	0	1.11433895	677340.354	677421.636	677314.581	677573.813	259.231518	129.545449	0	0	3.73481e+06	0	0	3
70	26	0	1.13048879	677337.913	677414.026	677314.581	677565.779	251.197661	129.545449	0	0	3.73448e+06	0	0	3
71	26	0	1.14663863	677334.037	677406.55	677314.581	677565.139	250.55771	129.545449	0	0	3.73361e+06	0	0	3
72	27	0	1.16278846	677328.347	677398.975	677314.581	677565.139	250.55771	129.545449	0	0	3.73329e+06	0	0	3
73	27	0	1.1789383	677318.846	677391.03	677314.581	677552.061	237.479589	129.545449	0	0	3.73161e+06	0	0	3
74	27	0	1.19508814	677312.895	677383.315	677312.895	677537.68	224.78438	129.545449	0	0	3.73153e+06	0	0	3
75	28	0	1.21123798	677287.172	677375.234	677287.172	677517.783	230.610812	129.545449	0	0	3.72973e+06	0	0	3
76	28	0	1.22738782	677307.786	677368.46	677287.172	677490.079	202.906534	129.545449	0	0	3.73045e+06	0	0	3
77	29	0	1.24353766	677318.868	677362.937	677287.172	677455.572	168.400202	129.545449	0	0	3.72985e+06	0	0	3
78	29	0	1.2596875	677329.925	677358.884	677287.172	677431.238	144.066336	129.545449	0	0	3.73035e+06	0	0	3
79	29	0	1.27583734	677334.294	677355.757	677287.172	677418.474	131.302276	129.545449	0	0	3.72964e+06	0	0	3
80	30	0	1.29198718	677316.28	677352.77	677287.172	677418.474	131.302276	129.545449	0	0	3.72915e+06	0	0	3
81	30	0	1.30813702	677308.432	677350.17	677287.172	677418.474	131.302276	129.545449	0	0	3.7279e+06	0	0	3
82	30	0	1.32428686	677314.516	677347.864	677287.172	677418.474	131.302276	129.545449	0	0	3.72831e+06	0	0	3
83	31	0	1.3404367	677306.509	677345.279	677287.172	677418.474	131.302276	129.545449	0	0	3.72759e+06	0	0	3
84	31	0	1.35658654	677280.036	677341.664	677280.036	677418.474	138.438307	129.545449	0	0	3.72624e+06	0	0	3
85	32	0	1.37273638	677264.634	677337.12	677264.634	677418.474	153.840452	129.545449	0	0	3.72467e+06	0	0	3
86	32	0	1.38888622	677298.713	677333.257	677264.634	677406.488	141.853922	129.545449	0	0	3.72525e+06	0	0	3
87	32	0	1.40503606	677326.082	677330.663	677264.634	677392.227	127.592819	129.545449	0	0	3.72619e+06	0	0	3
