Iteration	CPUTime	PhysTime	Travels	Value	AvValue	MinValue	MaxValue	Delta	Criteria	Progress	dGMaxMin	CriteriaType	CriteriaVarType	CriteriaPercentage
1	1	0	0.025	8.88019295	8.88019295	8.88019295	8.88019295	0	0	0	0	10.435	0	0	3
2	2	0	0.05	8.89534435	8.88776865	8.88019295	8.89534435	0.00757570232	0	0	0	10.435	0	0	3
3	2	0	0.075	8.88838025	8.88797252	8.88019295	8.89534435	0.00777956872	0	0	0	10.435	0	0	3
4	2	0	0.1	8.8860097	8.88748182	8.88019295	8.89534435	0.00777956872	0	0	0	10.5216	0	0	3
5	2	0	0.125	8.8851029	8.88700603	8.88019295	8.89534435	0.00777956872	0	0	0	10.6953	0	0	3
6	2	0	0.15	8.88520181	8.88670533	8.88019295	8.89534435	0.00777956872	0	0	0	10.8563	0	0	3
7	2	0	0.175	8.88646966	8.88667166	8.88019295	8.89534435	0.00777956872	0	0	0	11.5678	0	0	3
8	3	0	0.2	8.88805524	8.88684461	8.88019295	8.89534435	0.00777956872	0	0	0	11.9151	0	0	3
9	3	0	0.225	8.89146449	8.88735793	8.88019295	8.89534435	0.00777956872	0	0	0	11.9632	0	0	3
10	3	0	0.25	8.89531128	8.88815326	8.88019295	8.89534435	0.00796031318	0	0	0	11.8649	0	0	3
11	3	0	0.275	8.9004565	8.88927174	8.88019295	8.9004565	0.00907878962	0	0	0	11.754	0	0	3
12	3	0	0.3	8.90501931	8.89058404	8.88019295	8.90501931	0.010391087	0	0	0	11.8958	0	0	3
13	3	0	0.325	8.90733172	8.89187232	8.88019295	8.90733172	0.0116793706	0	0	0	12.1709	0	0	3
14	4	0	0.35	8.90823926	8.89304139	8.88019295	8.90823926	0.0128484375	0	0	0	12.3653	0	0	3
15	4	0	0.375	8.90954765	8.89414181	8.88019295	8.90954765	0.013948855	0	0	0	12.5358	0	0	3
16	4	0	0.4	8.91226507	8.89527451	8.88019295	8.91226507	0.0150815588	0	0	0	12.7662	0	0	3
17	4	0	0.425	8.91388209	8.89636907	8.88019295	8.91388209	0.0161761223	0	0	0	12.9383	0	0	3
18	4	0	0.45	8.91451098	8.89737696	8.88019295	8.91451098	0.0171840059	0	0	0	13.0339	0	0	3
19	4	0	0.475	8.914764	8.89829206	8.88019295	8.914764	0.0180991135	0	0	0	13.0898	0	0	3
20	5	0	0.5	8.91641678	8.8991983	8.88019295	8.91641678	0.0190053493	0	0	0	13.1431	0	0	3
21	5	0	0.525	8.91838463	8.90110788	8.8851029	8.91838463	0.0144362227	0	0	0	13.2096	0	0	3
22	5	0	0.55	8.9200519	8.90234326	8.8851029	8.9200519	0.0156715999	0	0	0	13.2738	0	0	3
23	5	0	0.575	8.9204389	8.90394619	8.8851029	8.9204389	0.0172745326	0	0	0	13.3069	0	0	3
24	5	0	0.6	8.92235497	8.90576346	8.8851029	8.92235497	0.0190917959	0	0	0	13.3403	0	0	3
25	6	0	0.625	8.92294283	8.90765545	8.88520181	8.92294283	0.0209837926	0	0	0	13.3607	0	0	3
26	6	0	0.65	8.92329772	8.90956025	8.88646966	8.92329772	0.0228885881	0	0	0	13.3678	0	0	3
27	6	0	0.675	8.92405221	8.91143938	8.88805524	8.92405221	0.0245947688	0	0	0	13.401	0	0	3
28	6	0	0.7	8.92253375	8.9131633	8.89146449	8.92405221	0.0258053744	0	0	0	13.3718	0	0	3
29	6	0	0.725	8.92351967	8.91476606	8.89531128	8.92405221	0.0266127978	0	0	0	13.3257	0	0	3
30	6	0	0.75	8.92662362	8.91633168	8.9004565	8.92662362	0.0261671114	0	0	0	13.2513	0	0	3
31	7	0	0.775	8.93014939	8.91781632	8.90501931	8.93014939	0.025130082	0	0	0	13.139	0	0	3
32	7	0	0.8	8.93759699	8.91944521	8.90733172	8.93759699	0.0275728855	0	0	0	13.0344	0	0	3
33	7	0	0.825	8.9459122	8.92137423	8.90823926	8.9459122	0.0283328425	0	0	0	12.9441	0	0	3
34	7	0	0.85	8.95029643	8.92347709	8.90954765	8.95029643	0.0293352837	0	0	0	12.8536	0	0	3
35	7	0	0.875	8.95104836	8.92555212	8.91226507	8.95104836	0.0302776155	0	0	0	12.7851	0	0	3
36	7	0	0.9	8.94846591	8.92736217	8.91388209	8.95104836	0.0309930941	0	0	0	12.6958	0	0	3
37	8	0	0.925	8.94543207	8.92893967	8.91451098	8.95104836	0.0315627095	0	0	0	12.6599	0	0	3
38	8	0	0.95	8.93846257	8.93013725	8.914764	8.95104836	0.0318451816	0	0	0	12.5933	0	0	3
39	8	0	0.975	8.93611468	8.93120478	8.91641678	8.95104836	0.0320064795	0	0	0	12.5598	0	0	3
40	8	0	1	8.93496662	8.93213227	8.91838463	8.95104836	0.0310243874	0.00989181991	0	31.8	12.6227	0	0	3
41	8	0	1.025	8.93545326	8.9329857	8.9200519	8.95104836	0.0306424418	0.00989181991	0	32.2	12.6041	0	0	3
42	8	0	1.05	8.9366793	8.93381707	8.9204389	8.95104836	0.0298708794	0.00989181991	0	33.1	12.6061	0	0	3
43	9	0	1.075	8.93759807	8.93467503	8.92235497	8.95104836	0.028693391	0.00989181991	0	34.4	12.6497	0	0	3
44	9	0	1.1	8.93867824	8.93486566	8.92235497	8.95104836	0.028693391	0.00989181991	0	34.4	12.6623	0	0	3
45	9	0	1.125	8.93933366	8.93567417	8.92253375	8.95104836	0.0280187155	0.00989181991	0	35.3	12.6671	0	0	3
46	9	0	1.15	8.9405298	8.93651164	8.92253375	8.95104836	0.0269513947	0.00989181991	0	36.7	12.6843	0	0	3
47	9	0	1.175	8.94114462	8.9373615	8.92253375	8.95104836	0.0259221198	0.00989181991	0	38.1	12.6846	0	0	3
48	9	0	1.2	8.94263092	8.9382462	8.92253375	8.95104836	0.0250828945	0.00989181991	0	39.4	12.6947	0	0	3
49	10	0	1.225	8.94392545	8.93926485	8.92351967	8.95104836	0.0244987878	0.00989181991	0	40.3	12.691	0	0	3
50	10	0	1.25	8.94527071	8.94030061	8.92662362	8.95104836	0.0239689352	0.00989181991	0	41.2	12.7016	0	0	3
51	10	0	1.275	8.94658536	8.94125117	8.93014939	8.95104836	0.0208989719	0.00989181991	0	47.3	12.7053	0	0	3
52	10	0	1.3	8.94777519	8.9420905	8.93496662	8.95104836	0.0160817461	0.00989181991	0	61.5	12.7046	0	0	3
53	10	0	1.325	8.94807867	8.94258962	8.93496662	8.95104836	0.0160817461	0.00989181991	0	61.5	12.6967	0	0	3
54	11	0	1.35	8.94808806	8.94269324	8.93496662	8.95104836	0.0160817461	0.00989181991	0	61.5	12.6992	0	0	3
55	11	0	1.375	8.94825652	8.9425961	8.93496662	8.95104836	0.0160817461	0.00989181991	0	61.5	12.7026	0	0	3
56	11	0	1.4	8.94836837	8.94246848	8.93496662	8.94846591	0.0134992925	0.00989181991	0	73.2	12.6963	0	0	3
57	11	0	1.425	8.9487554	8.94248226	8.93496662	8.9487554	0.0137535696	0.00989181991	0	71.9	12.7251	0	0	3
58	11	0	1.45	8.94910606	8.94265722	8.93496662	8.94910606	0.0125559899	0.00989181991	0	78.7	12.7275	0	0	3
59	11	0	1.475	8.94832809	8.943127	8.93496662	8.94910606	0.0119222227	0.00989181991	0	82.9	12.699	0	0	3
60	12	0	1.5	8.94796844	8.94369147	8.93496662	8.94910606	0.0115591957	0.00989181991	0	85.5	12.6898	0	0	3
61	12	0	1.525	8.94899014	8.94435925	8.93545326	8.94910606	0.0113735511	0.00989181991	0	86.9	12.7321	0	0	3
62	12	0	1.55	8.94813437	8.94496312	8.9366793	8.94910606	0.0111460433	0.00989181991	0	88.7	12.7243	0	0	3
63	12	0	1.575	8.94798122	8.9455013	8.93759807	8.94910606	0.0108262717	0.00989181991	0	91.3	12.7002	0	0	3
64	12	0	1.6	8.94791072	8.94599238	8.93867824	8.94910606	0.0104278248	0.00989181991	0	94.8	12.6971	0	0	3
65	13	0	1.625	8.94740764	8.94640807	8.93933366	8.94910606	0.00977240283	0.00989181991	0	100	12.7134	0	0	3
