Iteration	CPUTime	PhysTime	Travels	Value	AvValue	MinValue	MaxValue	Delta	Criteria	Progress	dGMaxMin	CriteriaType	CriteriaVarType	CriteriaPercentage
1	2	0	0.0200175241	497.105654	497.105654	497.105654	497.105654	0	0	0	0	0	0	0	3
2	2	0	0.0400350481	497.196956	497.151305	497.105654	497.196956	0.0456505832	0	0	0	0	0	0	3
3	2	0	0.0600525722	497.247475	497.183362	497.105654	497.247475	0.0777071643	0	0	0	0	0	0	3
4	2	0	0.0800700962	497.37872	497.232201	497.105654	497.37872	0.126546753	0	0	0	0	0	0	3
5	2	0	0.10008762	497.34784	497.255329	497.105654	497.37872	0.149674551	0	0	0	0	0	0	3
6	3	0	0.120105144	497.275406	497.258675	497.105654	497.37872	0.153020684	0	0	0	0	0	0	3
7	3	0	0.140122668	497.053244	497.229328	497.053244	497.37872	0.153020684	0	0	0	0	0	0	3
8	3	0	0.160140192	496.90577	497.188883	496.90577	497.37872	0.153020684	0	0	0	0	0	0	3
9	3	0	0.180157717	496.716408	497.136386	496.716408	497.37872	0.153020684	0	0	0	0	0	0	3
10	3	0	0.200175241	496.579597	497.080707	496.579597	497.37872	0.177968082	0	0	0	0	0	0	3
11	4	0	0.220192765	496.45451	497.02378	496.45451	497.37872	0.234895064	0	0	0	0	0	0	3
12	4	0	0.240210289	496.371181	496.969397	496.371181	497.37872	0.289278354	0	0	0	0	0	0	3
13	4	0	0.260227813	496.309715	496.918652	496.309715	497.37872	0.340023095	0	0	0	0	0	0	3
14	4	0	0.280245337	496.253752	496.871159	496.253752	497.37872	0.387515963	0	0	0	0	0	0	3
15	4	0	0.300262861	496.206552	496.826852	496.206552	497.37872	0.431823127	0	0	0	0	0	0	3
16	5	0	0.320280385	496.16444	496.785451	496.16444	497.37872	0.473223863	0	0	0	0	0	0	3
17	5	0	0.340297909	496.157463	496.748511	496.157463	497.37872	0.510164359	0	0	0	0	0	0	3
18	5	0	0.360315433	496.202782	496.718193	496.157463	497.37872	0.540482606	0	0	0	0	0	0	3
19	5	0	0.380332957	496.318829	496.697173	496.157463	497.37872	0.561501733	0	0	0	0	0	0	3
20	6	0	0.400350481	496.53506	496.689068	496.157463	497.37872	0.569607387	0	0	0	0	0	0	3
21	6	0	0.420368005	497.007941	496.704252	496.157463	497.37872	0.569607387	0	0	0	0	0	0	3
22	6	0	0.440385529	497.665866	496.747962	496.157463	497.665866	0.569607387	0	0	0	0	0	0	3
23	6	0	0.460403053	498.415889	496.82048	496.157463	498.415889	0.569607387	0	0	0	0	0	0	3
24	6	0	0.480420577	499.318717	496.924574	496.157463	499.318717	0.569607387	0	0	0	0	0	0	3
25	7	0	0.500438102	500.367619	497.062295	496.157463	500.367619	0.569607387	0	0	0	0	0	0	3
26	7	0	0.520455626	501.375586	497.233093	496.157463	501.375586	0.569607387	0	0	0	0	0	0	3
27	7	0	0.54047315	502.743843	497.454968	496.157463	502.743843	0.765900418	0	0	0	0	0	0	3
28	7	0	0.560490674	504.159748	497.731459	496.157463	504.159748	1.04239136	0	0	0	0	0	0	3
29	7	0	0.580508198	505.441626	498.053975	496.157463	505.441626	1.3649076	0	0	0	0	0	0	3
30	8	0	0.600525722	506.524804	498.421054	496.157463	506.524804	1.73198615	0	0	0	0	0	0	3
31	8	0	0.620543246	508.161429	498.856495	496.157463	508.161429	2.16742708	0	0	0	0	0	0	3
32	8	0	0.64056077	509.138552	499.339907	496.157463	509.138552	2.65083938	0	0	0	0	0	0	3
33	8	0	0.660578294	509.691974	499.851355	496.157463	509.691974	3.16228755	0	0	0	0	0	0	3
34	9	0	0.680595818	510.210907	500.391135	496.157463	510.210907	3.70206751	0	0	0	0	0	0	3
35	9	0	0.700613342	513.130856	501.053186	496.157463	513.130856	4.36411785	0	0	0	0	0	0	3
36	9	0	0.720630866	518.331294	501.928257	496.157463	518.331294	5.23918919	0	0	0	0	0	0	3
37	9	0	0.74064839	527.229453	503.162588	496.157463	527.229453	6.47352009	0	0	0	0	0	0	3
38	9	0	0.760665914	537.836547	504.823661	496.157463	537.836547	8.13459338	0	0	0	0	0	0	3
39	10	0	0.780683438	542.431641	506.670777	496.157463	542.431641	9.98170895	0	0	0	0	0	0	3
40	10	0	0.800700962	555.775583	509.053538	496.157463	555.775583	12.3644702	0	0	0	0	0	0	3
41	10	0	0.820718487	563.412128	511.743445	496.157463	563.412128	15.0543777	0	0	0	0	0	0	3
42	10	0	0.840736011	570.850189	514.731155	496.202782	570.850189	18.0420868	0	0	0	0	0	0	3
43	11	0	0.860753535	579.052145	518.045129	496.318829	579.052145	21.3560613	0	0	0	0	0	0	3
44	11	0	0.880771059	584.289856	521.56397	496.53506	584.289856	24.8749024	0	0	0	0	0	0	3
45	11	0	0.900788583	588.443199	525.240296	497.007941	588.443199	28.5360435	0	0	0	0	0	0	3
46	11	0	0.920806107	591.527577	529.021081	497.665866	591.527577	32.2731192	0	0	0	0	0	0	3
47	11	0	0.940823631	593.521896	532.855322	498.415889	593.521896	36.0348419	0	0	0	0	0	0	3
48	12	0	0.960841155	594.315795	536.691319	499.318717	594.315795	39.766745	0	0	0	0	0	0	3
49	12	0	0.980858679	595.028253	540.5197	500.367619	595.028253	43.4574046	0	0	0	0	0	0	3
50	12	0	1.0008762	594.721324	544.293848	501.375586	595.028253	47.0607555	2.96612369	0	6.3	0	0	0	3
51	12	0	1.02089373	593.679813	547.986017	502.743843	595.028253	50.5310491	2.96612369	0	5.8	0	0	0	3
52	13	0	1.04091125	596.889758	551.751854	504.159748	596.889758	54.0203948	2.99404627	0	5.5	0	0	0	3
53	13	0	1.06092878	597.234071	555.474827	505.441626	597.234071	57.4208515	3.00679693	0	5.2	0	0	0	3
54	13	0	1.0809463	597.882959	559.17248	506.524804	597.882959	60.7514262	3.01803892	0	4.9	0	0	0	3
55	13	0	1.10096382	597.98126	562.830738	508.161429	597.98126	63.9742436	3.02537392	0	4.7	0	0	0	3
56	14	0	1.12098135	599.943797	566.502033	509.138552	599.943797	67.162126	3.04007661	0	4.5	0	0	0	3
57	14	0	1.14099887	601.513916	570.197048	509.691974	601.513916	70.3456924	3.0573076	0	4.3	0	0	0	3
58	14	0	1.1610164	607.746194	574.119216	510.210907	607.746194	73.7280812	3.0936019	0	4.1	0	0	0	3
59	14	0	1.18103392	610.806174	578.143027	513.130856	610.806174	77.0898416	3.13203072	0	4	0	0	0	3
60	14	0	1.20105144	619.320977	582.390632	518.331294	619.320977	80.4623751	3.18831819	0	3.9	0	0	0	3
61	15	0	1.22106897	622.81955	586.570162	527.229453	622.81955	83.4075744	3.24391314	0	3.8	0	0	0	3
62	15	0	1.24108649	623.5659	590.42362	537.836547	623.5659	85.599959	3.29210814	0	3.8	0	0	0	3
63	15	0	1.26110402	625.158564	593.916501	542.431641	625.158564	82.7269231	3.3365639	0	4	0	0	0	3
64	15	0	1.28112154	625.007315	597.219528	555.775583	625.158564	69.3829807	3.37466884	0	4.8	0	0	0	3
65	16	0	1.30113906	625.997215	600.028393	563.412128	625.997215	62.5850867	3.40937042	0	5.4	0	0	0	3
66	16	0	1.32115659	625.393666	602.507655	570.850189	625.997215	55.147026	3.43973431	0	6.2	0	0	0	3
67	16	0	1.34117411	626.059366	604.716022	579.052145	626.059366	47.0072214	3.46655567	0	7.3	0	0	0	3
68	16	0	1.36119164	625.139746	606.559526	584.289856	626.059366	41.7695101	3.49020347	0	8.3	0	0	0	3
69	17	0	1.38120916	625.667832	608.214645	588.443199	626.059366	37.6161673	3.51102062	0	9.3	0	0	0	3
70	17	0	1.40122668	624.351838	609.65099	591.527577	626.059366	34.531789	3.52904672	0	10.2	0	0	0	3
71	17	0	1.42124421	625.059161	610.992254	593.521896	626.059366	32.5374698	3.54441617	0	10.8	0	0	0	3
72	17	0	1.44126173	623.551465	612.193436	593.679813	626.059366	32.3795534	3.55736563	0	10.9	0	0	0	3
73	18	0	1.46127926	623.884501	613.376185	593.679813	626.059366	32.3795534	3.56801145	0	11	0	0	0	3
74	18	0	1.48129678	622.12884	614.460208	593.679813	626.059366	32.3795534	3.57645899	0	11	0	0	0	3
75	18	0	1.5013143	622.463616	615.5699	593.679813	626.059366	32.3795534	3.58302116	0	11	0	0	0	3
76	18	0	1.52133183	620.904523	616.658888	596.889758	626.059366	29.1696082	3.5874998	0	12.2	0	0	0	3
77	18	0	1.54134935	621.42411	617.640262	597.234071	626.059366	28.8252951	3.59007346	0	12.4	0	0	0	3
78	19	0	1.56136688	620.200089	618.558903	597.882959	626.059366	28.1764071	3.59108984	0	12.7	0	0	0	3
79	19	0	1.5813844	621.003301	619.483717	597.98126	626.059366	28.0781059	3.5909156	0	12.7	0	0	0	3
80	19	0	1.60140192	619.992584	620.36417	599.943797	626.059366	26.1155688	3.58911635	0	13.7	0	0	0	3
81	19	0	1.62141945	620.868306	621.20115	601.513916	626.059366	24.5454505	3.58648758	0	14.6	0	0	0	3
82	20	0	1.64143697	619.765555	621.931216	607.746194	626.059366	18.3131719	3.58350427	0	19.5	0	0	0	3
83	20	0	1.6614545	620.651974	622.447447	610.806174	626.059366	15.2531919	3.58023001	0	23.4	0	0	0	3
84	20	0	1.68147202	619.490117	622.794805	619.320977	626.059366	6.73838913	3.57457193	0	53	0	0	0	3
85	20	0	1.70148955	620.490014	622.841566	619.490117	626.059366	6.56924868	3.56477966	0	54.2	0	0	0	3
86	21	0	1.72150707	619.354704	622.702972	619.354704	626.059366	6.70466217	3.54811626	0	52.9	0	0	0	3
87	21	0	1.74152459	620.445862	622.578171	619.354704	626.059366	6.70466217	3.52375324	0	52.5	0	0	0	3
88	21	0	1.76154212	619.27159	622.342692	619.27159	626.059366	6.787776	3.49704478	0	51.5	0	0	0	3
89	21	0	1.78155964	620.43647	622.159858	619.27159	626.059366	6.787776	3.46144141	0	50.9	0	0	0	3
90	22	0	1.80157717	619.399253	621.895939	619.27159	626.059366	6.787776	3.42189081	0	50.4	0	0	0	3
91	22	0	1.82159469	620.512234	621.700682	619.27159	626.059366	6.787776	3.37882701	0	49.7	0	0	0	3
92	22	0	1.84161221	619.388596	621.433851	619.27159	625.667832	6.39624234	3.33195534	0	52	0	0	0	3
93	22	0	1.86162974	620.490974	621.2479	619.27159	625.667832	6.39624234	3.28360952	0	51.3	0	0	0	3
94	23	0	1.88164726	619.451337	620.999241	619.27159	625.059161	5.78757055	3.23462942	0	55.8	0	0	0	3
95	23	0	1.90166479	620.623355	620.850101	619.27159	625.059161	5.78757055	3.18576996	0	55	0	0	0	3
96	23	0	1.92168231	619.614307	620.632307	619.27159	623.884501	4.61291067	3.13773418	0	68	0	0	0	3
97	23	0	1.94169983	620.615081	620.514852	619.27159	623.884501	4.61291067	3.09164168	0	67	0	0	0	3
98	24	0	1.96171736	619.477624	620.338577	619.27159	622.463616	3.19202573	3.0474697	0	95.4	0	0	0	3
99	24	0	1.98173488	620.645876	620.279258	619.27159	622.463616	3.19202573	3.00510066	0	94.1	0	0	0	3
100	24	0	2.00175241	619.513983	620.161273	619.27159	621.42411	2.15252031	2.96612369	0	100	0	0	0	3
