Iteration	CPUTime	PhysTime	Travels	Value	AvValue	MinValue	MaxValue	Delta	Criteria	Progress	dGMaxMin	CriteriaType	CriteriaVarType	CriteriaPercentage
1	2	0	0.0164707474	522.887604	522.887604	522.887604	522.887604	0	0	0	0	0	0	0	3
2	2	0	0.0329414948	522.353905	522.620754	522.353905	522.887604	0.266849116	0	0	0	0	0	0	3
3	3	0	0.0494122423	522.171548	522.471019	522.171548	522.887604	0.41658453	0	0	0	0	0	0	3
4	3	0	0.0658829897	521.739815	522.288218	521.739815	522.887604	0.599385464	0	0	0	0	0	0	3
5	3	0	0.0823537371	521.659254	522.162425	521.659254	522.887604	0.725178224	0	0	0	0	0	0	3
6	4	0	0.0988244845	521.128479	521.990101	521.128479	522.887604	0.897502611	0	0	0	0	0	0	3
7	4	0	0.115295232	521.053293	521.856271	521.053293	522.887604	1.03133226	0	0	0	0	0	0	3
8	4	0	0.131765979	520.628731	521.702829	520.628731	522.887604	1.18477478	0	0	0	0	0	0	3
9	5	0	0.148236727	520.577877	521.577834	520.577877	522.887604	1.30976943	0	0	0	0	0	0	3
10	5	0	0.164707474	520.223331	521.442384	520.223331	522.887604	1.44521978	0	0	0	0	0	0	3
11	5	0	0.181178222	520.172523	521.326942	520.172523	522.887604	1.5606617	0	0	0	0	0	0	3
12	5	0	0.197648969	519.825871	521.201853	519.825871	522.887604	1.68575096	0	0	0	0	0	0	3
13	6	0	0.214119717	519.811927	521.094935	519.811927	522.887604	1.79266833	0	0	0	0	0	0	3
14	6	0	0.230590464	519.584941	520.987079	519.584941	522.887604	1.90052502	0	0	0	0	0	0	3
15	6	0	0.247061211	519.610154	520.895284	519.584941	522.887604	1.99232	0	0	0	0	0	0	3
16	7	0	0.263531959	519.428756	520.803626	519.428756	522.887604	2.08397799	0	0	0	0	0	0	3
17	7	0	0.280002706	519.429104	520.722771	519.428756	522.887604	2.16483221	0	0	0	0	0	0	3
18	7	0	0.296473454	519.375971	520.647949	519.375971	522.887604	2.23965443	0	0	0	0	0	0	3
19	7	0	0.312944201	519.385935	520.581527	519.375971	522.887604	2.30607621	0	0	0	0	0	0	3
20	8	0	0.329414948	519.393536	520.522128	519.375971	522.887604	2.36547575	0	0	0	0	0	0	3
21	8	0	0.345885696	519.424735	520.469871	519.375971	522.887604	2.41773253	0	0	0	0	0	0	3
22	8	0	0.362356443	519.454911	520.423736	519.375971	522.887604	2.4638671	0	0	0	0	0	0	3
23	9	0	0.378827191	519.468948	520.382224	519.375971	522.887604	2.50537965	0	0	0	0	0	0	3
24	9	0	0.395297938	519.500345	520.345479	519.375971	522.887604	2.54212461	0	0	0	0	0	0	3
25	9	0	0.411768686	519.504477	520.311839	519.375971	522.887604	2.57576469	0	0	0	0	0	0	3
26	9	0	0.428239433	519.537469	520.282055	519.375971	522.887604	2.60554815	0	0	0	0	0	0	3
27	10	0	0.44471018	519.548745	520.254896	519.375971	522.887604	2.6327078	0	0	0	0	0	0	3
28	10	0	0.461180928	519.577148	520.23069	519.375971	522.887604	2.65691306	0	0	0	0	0	0	3
29	10	0	0.477651675	519.581673	520.208311	519.375971	522.887604	2.67929296	0	0	0	0	0	0	3
30	11	0	0.494122423	519.612317	520.188444	519.375971	522.887604	2.69915942	0	0	0	0	0	0	3
31	11	0	0.51059317	519.630277	520.170439	519.375971	522.887604	2.71716483	0	0	0	0	0	0	3
32	11	0	0.527063918	519.654993	520.066161	519.375971	522.353905	2.55459346	0	0	0	0	0	0	3
33	11	0	0.543534665	519.663637	519.979378	519.375971	522.171548	2.49164089	0	0	0	0	0	0	3
34	12	0	0.560005412	519.680488	519.899021	519.375971	521.739815	2.36384385	0	0	0	0	0	0	3
35	12	0	0.57647616	519.674087	519.832385	519.375971	521.659254	2.28328285	0	0	0	0	0	0	3
36	12	0	0.592946907	519.687979	519.768795	519.375971	521.128479	1.75250758	0	0	0	0	0	0	3
37	13	0	0.609417655	519.680436	519.722084	519.375971	521.053293	1.67732194	0	0	0	0	0	0	3
38	13	0	0.625888402	519.688825	519.678069	519.375971	520.628731	1.25275971	0	0	0	0	0	0	3
39	13	0	0.64235915	519.686446	519.647673	519.375971	520.577877	1.20190554	0	0	0	0	0	0	3
40	13	0	0.658829897	519.693835	519.619155	519.375971	520.223331	0.847359124	0	0	0	0	0	0	3
41	14	0	0.675300644	519.697796	519.602203	519.375971	520.172523	0.796551213	0	0	0	0	0	0	3
42	14	0	0.691771392	519.711615	519.587335	519.375971	519.825871	0.449899308	0	0	0	0	0	0	3
43	14	0	0.708242139	519.710478	519.583612	519.375971	519.811927	0.435955393	0	0	0	0	0	0	3
44	15	0	0.724712887	519.70712	519.580232	519.375971	519.711615	0.335643547	0	0	0	0	0	0	3
45	15	0	0.741183634	519.711129	519.584302	519.375971	519.711615	0.335643547	0	0	0	0	0	0	3
46	15	0	0.757654382	519.730358	519.58818	519.375971	519.730358	0.354386156	0	0	0	0	0	0	3
47	16	0	0.774125129	519.724586	519.597723	519.375971	519.730358	0.354386156	0	0	0	0	0	0	3
48	16	0	0.790595876	519.729011	519.607397	519.375971	519.730358	0.354386156	0	0	0	0	0	0	3
49	16	0	0.807066624	519.719755	519.618487	519.385935	519.730358	0.344422168	0	0	0	0	0	0	3
50	16	0	0.823537371	519.725455	519.629439	519.393536	519.730358	0.336821173	0	0	0	0	0	0	3
51	17	0	0.840008119	519.718599	519.639925	519.424735	519.730358	0.305622181	0	0	0	0	0	0	3
52	17	0	0.856478866	519.727761	519.6497	519.454911	519.730358	0.27544703	0	0	0	0	0	0	3
53	17	0	0.872949613	519.719722	519.658242	519.468948	519.730358	0.261409756	0	0	0	0	0	0	3
54	18	0	0.889420361	519.725013	519.666502	519.500345	519.730358	0.230012696	0	0	0	0	0	0	3
55	18	0	0.905891108	519.718992	519.673556	519.504477	519.730358	0.225880795	0	0	0	0	0	0	3
56	18	0	0.922361856	519.712944	519.68028	519.537469	519.730358	0.192888741	0	0	0	0	0	0	3
57	19	0	0.938832603	519.711429	519.685892	519.548745	519.730358	0.181612604	0	0	0	0	0	0	3
58	19	0	0.955303351	519.708692	519.691052	519.577148	519.730358	0.15320925	0	0	0	0	0	0	3
59	19	0	0.971774098	519.718213	519.695602	519.581673	519.730358	0.148684123	0	0	0	0	0	0	3
60	19	0	0.988244845	519.718097	519.700003	519.612317	519.730358	0.118040803	0	0	0	0	0	0	3
61	20	0	1.00471559	519.717397	519.703392	519.630277	519.730358	0.100080976	0.0838673029	0	83.7	0	0	0	3
62	20	0	1.02118634	519.728441	519.706559	519.654993	519.730358	0.0753642776	0.0838673029	0	100	0	0	0	3
63	20	0	1.03765709	519.720908	519.708685	519.663637	519.730358	0.0667204499	0.0838673029	0	100	0	0	0	3
64	21	0	1.05412784	519.717443	519.710421	519.674087	519.730358	0.0562709947	0.0838673029	0	100	0	0	0	3
65	21	0	1.07059858	519.699149	519.711023	519.674087	519.730358	0.0562709947	0.0838673029	0	100	0	0	0	3
66	21	0	1.08706933	519.711011	519.712214	519.680436	519.730358	0.0499217644	0.0838673029	0	100	0	0	0	3
67	22	0	1.10354008	519.696069	519.712475	519.680436	519.730358	0.0499217644	0.0838673029	0	100	0	0	0	3
68	22	0	1.12001082	519.692258	519.712856	519.686446	519.730358	0.0439111504	0.0838673029	0	100	0	0	0	3
69	22	0	1.13648157	519.684622	519.712721	519.684622	519.730358	0.0457360141	0.0838673029	0	100	0	0	0	3
70	23	0	1.15295232	519.697402	519.713074	519.684622	519.730358	0.0457360141	0.0838673029	0	100	0	0	0	3
71	23	0	1.16942307	519.687493	519.71287	519.684622	519.730358	0.0457360141	0.0838673029	0	100	0	0	0	3
72	23	0	1.18589381	519.692804	519.712709	519.684622	519.730358	0.0457360141	0.0838673029	0	100	0	0	0	3
73	24	0	1.20236456	519.684842	519.711845	519.684622	519.730358	0.0457360141	0.0838673029	0	100	0	0	0	3
74	24	0	1.21883531	519.680524	519.710879	519.680524	519.730358	0.0498331662	0.0838673029	0	100	0	0	0	3
75	24	0	1.23530606	519.675923	519.709872	519.675923	519.730358	0.0544342694	0.0838673029	0	100	0	0	0	3
76	25	0	1.2517768	519.679776	519.708861	519.675923	519.730358	0.0544342694	0.0838673029	0	100	0	0	0	3
77	25	0	1.26824755	519.686364	519.707442	519.675923	519.729011	0.0530881316	0.0838673029	0	100	0	0	0	3
78	25	0	1.2847183	519.681463	519.706051	519.675923	519.729011	0.0530881316	0.0838673029	0	100	0	0	0	3
79	26	0	1.30118905	519.673515	519.704261	519.673515	519.728441	0.0549256259	0.0838673029	0	100	0	0	0	3
80	26	0	1.31765979	519.665163	519.702499	519.665163	519.728441	0.063278418	0.0838673029	0	100	0	0	0	3
