Iteration	CPUTime	PhysTime	Travels	Value	AvValue	MinValue	MaxValue	Delta	Criteria	Progress	dGMaxMin	CriteriaType	CriteriaVarType	CriteriaPercentage
1	2	0	0.0156598047	283126.514	283126.514	283126.514	283126.514	0	0	0	0	6.54631e+06	0	0	3
2	2	0	0.0313196094	470038.122	376582.318	283126.514	470038.122	93455.8038	0	0	0	4.83858e+06	0	0	3
3	3	0	0.0469794141	630522.715	461229.117	283126.514	630522.715	178102.603	0	0	0	4.78193e+06	0	0	3
4	3	0	0.0626392188	675747.237	514858.647	283126.514	675747.237	231732.133	0	0	0	5.02639e+06	0	0	3
5	3	0	0.0782990235	666443.345	545175.587	283126.514	675747.237	262049.072	0	0	0	5.17256e+06	0	0	3
6	4	0	0.0939588282	652516.451	563065.731	283126.514	675747.237	279939.217	0	0	0	5.15551e+06	0	0	3
7	4	0	0.109618633	644939.713	574762.014	283126.514	675747.237	291635.5	0	0	0	5.17932e+06	0	0	3
8	4	0	0.125278438	643013.783	583293.485	283126.514	675747.237	300166.971	0	0	0	5.04532e+06	0	0	3
9	4	0	0.140938242	643472.616	589980.055	283126.514	675747.237	306853.541	0	0	0	4.90148e+06	0	0	3
10	4	0	0.156598047	644796.122	595461.662	283126.514	675747.237	312335.148	0	0	0	4.70157e+06	0	0	3
11	5	0	0.172257852	646076.535	600063.014	283126.514	675747.237	316936.5	0	0	0	4.67151e+06	0	0	3
12	5	0	0.187917656	646913.171	603967.194	283126.514	675747.237	320840.68	0	0	0	4.57235e+06	0	0	3
13	5	0	0.203577461	647000.699	607277.463	283126.514	675747.237	324150.949	0	0	0	4.54194e+06	0	0	3
14	5	0	0.219237266	647004.37	610115.1	283126.514	675747.237	326988.585	0	0	0	4.49255e+06	0	0	3
15	5	0	0.234897071	646890.013	612566.76	283126.514	675747.237	329440.246	0	0	0	4.47311e+06	0	0	3
16	6	0	0.250556875	646912.819	614713.389	283126.514	675747.237	331586.875	0	0	0	4.47236e+06	0	0	3
17	6	0	0.26621668	646885.673	616605.876	283126.514	675747.237	333479.362	0	0	0	4.46016e+06	0	0	3
18	6	0	0.281876485	647000.965	618294.492	283126.514	675747.237	335167.978	0	0	0	4.46263e+06	0	0	3
19	6	0	0.297536289	646979.065	619804.207	283126.514	675747.237	336677.693	0	0	0	4.40127e+06	0	0	3
20	7	0	0.313196094	647240.063	621176	283126.514	675747.237	338049.485	0	0	0	4.41907e+06	0	0	3
21	7	0	0.328855899	647254.281	622417.822	283126.514	675747.237	339291.308	0	0	0	4.39404e+06	0	0	3
22	7	0	0.344515703	647493.338	623557.619	283126.514	675747.237	340431.104	0	0	0	4.41859e+06	0	0	3
23	7	0	0.360175508	647557.855	624601.107	283126.514	675747.237	341474.593	0	0	0	4.37749e+06	0	0	3
24	8	0	0.375835313	647691.225	625563.195	283126.514	675747.237	342436.681	0	0	0	4.39261e+06	0	0	3
25	8	0	0.391495118	647613.87	626445.222	283126.514	675747.237	343318.708	0	0	0	4.37242e+06	0	0	3
26	8	0	0.407154922	647792.437	627266.269	283126.514	675747.237	344139.755	0	0	0	4.35103e+06	0	0	3
27	8	0	0.422814727	647826.888	628027.774	283126.514	675747.237	344901.259	0	0	0	4.32986e+06	0	0	3
28	8	0	0.438474532	647975.348	628740.187	283126.514	675747.237	345613.673	0	0	0	4.34495e+06	0	0	3
29	9	0	0.454134336	647908.431	629401.161	283126.514	675747.237	346274.647	0	0	0	4.33682e+06	0	0	3
30	9	0	0.469794141	647948.183	630019.395	283126.514	675747.237	346892.881	0	0	0	4.32937e+06	0	0	3
31	9	0	0.485453946	647963.001	630598.221	283126.514	675747.237	347471.707	0	0	0	4.35041e+06	0	0	3
32	9	0	0.50111375	648034.037	631143.09	283126.514	675747.237	348016.576	0	0	0	4.32695e+06	0	0	3
33	10	0	0.516773555	648015.523	642545.872	470038.122	675747.237	205709.116	0	0	0	4.35654e+06	0	0	3
34	10	0	0.53243336	648056.47	648108.945	630522.715	675747.237	45224.5223	0	0	0	4.32633e+06	0	0	3
35	10	0	0.548093165	648009.204	648655.398	643013.783	675747.237	32733.4545	0	0	0	4.34056e+06	0	0	3
36	10	0	0.563752969	648107.865	647791.667	643013.783	666443.345	23429.562	0	0	0	4.2978e+06	0	0	3
37	11	0	0.579412774	648184.264	647221.071	643013.783	652516.451	9502.66849	0	0	0	4.3619e+06	0	0	3
38	11	0	0.595072579	648195.807	647086.051	643013.783	648195.807	5182.02395	0	0	0	4.33348e+06	0	0	3
39	11	0	0.610732383	648229.214	647188.848	643013.783	648229.214	5215.43129	0	0	0	4.34136e+06	0	0	3
40	11	0	0.626392188	648260.274	647352.801	643472.616	648260.274	4787.65797	0	0	0	4.31354e+06	0	0	3
41	11	0	0.642051993	648246.596	647501.988	644796.122	648260.274	3464.15136	0	0	0	4.37194e+06	0	0	3
42	12	0	0.657711797	648216.447	647608.873	646076.535	648260.274	2183.73917	0	0	0	4.31099e+06	0	0	3
43	12	0	0.673371602	648220.442	647675.87	646885.673	648260.274	1374.60118	0	0	0	4.35621e+06	0	0	3
44	12	0	0.689031407	648234.598	647717.165	646885.673	648260.274	1374.60118	0	0	0	4.29555e+06	0	0	3
45	12	0	0.704691212	648235.729	647755.759	646885.673	648260.274	1374.60118	0	0	0	4.35341e+06	0	0	3
46	13	0	0.720351016	648248.807	647794.648	646885.673	648260.274	1374.60118	0	0	0	4.28824e+06	0	0	3
47	13	0	0.736010821	648292.039	647838.461	646885.673	648292.039	1406.36638	0	0	0	4.36389e+06	0	0	3
48	13	0	0.751670626	648312.469	647882.2	646885.673	648312.469	1426.79698	0	0	0	4.2968e+06	0	0	3
49	13	0	0.76733043	648326.719	647927.233	646979.065	648326.719	1347.65458	0	0	0	4.36365e+06	0	0	3
50	14	0	0.782990235	648322.028	647968.516	646979.065	648326.719	1347.65458	0	0	0	4.31365e+06	0	0	3
51	14	0	0.79865004	648283.159	648009.269	647240.063	648326.719	1086.65662	0	0	0	4.34075e+06	0	0	3
52	14	0	0.814309844	648267.352	648041.372	647254.281	648326.719	1072.43849	0	0	0	4.2953e+06	0	0	3
53	14	0	0.829969649	648243.929	648072.298	647493.338	648326.719	833.381161	0	0	0	4.34398e+06	0	0	3
54	15	0	0.845629454	648224.265	648095.14	647557.855	648326.719	768.86447	0	0	0	4.28899e+06	0	0	3
55	15	0	0.861289259	648220.948	648115.862	647613.87	648326.719	712.849516	0	0	0	4.32983e+06	0	0	3
56	15	0	0.876949063	648149.126	648130.171	647613.87	648326.719	712.849516	0	0	0	4.29728e+06	0	0	3
57	15	0	0.892608868	648134.864	648146.452	647792.437	648326.719	534.282042	0	0	0	4.31126e+06	0	0	3
58	16	0	0.908268673	648125.017	648156.845	647826.888	648326.719	499.831133	0	0	0	4.28648e+06	0	0	3
59	16	0	0.923928477	648099.921	648165.377	647908.431	648326.719	418.287886	0	0	0	4.32795e+06	0	0	3
60	16	0	0.939588282	648078.781	648168.61	647908.431	648326.719	418.287886	0	0	0	4.27332e+06	0	0	3
61	17	0	0.955248087	648034.891	648172.562	647948.183	648326.719	378.53602	0	0	0	4.34628e+06	0	0	3
62	17	0	0.970907892	647983.912	648173.678	647963.001	648326.719	363.718349	0	0	0	4.29677e+06	0	0	3
63	17	0	0.986567696	647983.179	648174.309	647983.179	648326.719	343.540561	0	0	0	4.34938e+06	0	0	3
64	17	0	1.0022275	647957.47	648171.916	647957.47	648326.719	369.249117	1356.73567	0	100	4.29815e+06	0	0	3
65	18	0	1.01788731	647947.323	648169.785	647947.323	648326.719	379.396275	1356.73567	0	100	4.3066e+06	0	0	3
66	18	0	1.03354711	647932.583	648165.913	647932.583	648326.719	394.135786	1356.73567	0	100	4.26496e+06	0	0	3
67	18	0	1.04920692	647914.013	648162.939	647914.013	648326.719	412.706185	1356.73567	0	100	4.31836e+06	0	0	3
68	19	0	1.06486672	647912.082	648156.82	647912.082	648326.719	414.637245	1356.73567	0	100	4.28512e+06	0	0	3
69	19	0	1.08052652	647885.477	648147.483	647885.477	648326.719	441.242495	1356.73567	0	100	4.27918e+06	0	0	3
70	19	0	1.09618633	647869.185	648137.276	647869.185	648326.719	457.533955	1356.73567	0	100	4.26652e+06	0	0	3
71	19	0	1.11184613	647812.444	648124.252	647812.444	648326.719	514.274838	1356.73567	0	100	4.28132e+06	0	0	3
72	20	0	1.12750594	647817.084	648110.403	647812.444	648326.719	514.274838	1356.73567	0	100	4.25927e+06	0	0	3
73	20	0	1.14316574	647795.372	648096.302	647795.372	648326.719	531.347435	1356.73567	0	100	4.28718e+06	0	0	3
74	20	0	1.15882555	647773.304	648082.454	647773.304	648326.719	498.438736	1356.73567	0	100	4.24709e+06	0	0	3
75	21	0	1.17448535	647734.959	648067.282	647734.959	648326.719	457.144144	1356.73567	0	100	4.31355e+06	0	0	3
76	21	0	1.19014516	647727.017	648051.42	647727.017	648326.719	418.549458	1356.73567	0	100	4.27011e+06	0	0	3
77	21	0	1.20580496	647694.244	648034.499	647694.244	648326.719	379.660801	1356.73567	0	100	4.30938e+06	0	0	3
78	22	0	1.22146477	647690.259	648017.044	647690.259	648326.719	335.847506	1356.73567	0	100	4.27117e+06	0	0	3
79	22	0	1.23712457	647629.23	647996.331	647629.23	648326.719	292.108434	1356.73567	0	100	4.30594e+06	0	0	3
80	22	0	1.25278438	647583.633	647973.555	647583.633	648326.719	247.075725	1356.73567	0	100	4.25295e+06	0	0	3
81	22	0	1.26844418	647540.619	647948.99	647540.619	648322.028	225.318946	1356.73567	0	100	4.32552e+06	0	0	3
82	23	0	1.28410399	647530.728	647924.262	647530.728	648283.159	250.047068	1356.73567	0	100	4.26248e+06	0	0	3
83	23	0	1.29976379	647485.685	647899.341	647485.685	648267.352	274.96814	1356.73567	0	100	4.30831e+06	0	0	3
84	23	0	1.31542359	647460.617	647874.13	647460.617	648243.929	300.178628	1356.73567	0	100	4.26572e+06	0	0	3
85	24	0	1.3310834	647401.545	647847.806	647401.545	648224.265	326.503119	1356.73567	0	100	4.29087e+06	0	0	3
86	24	0	1.3467432	647393.179	647821.834	647393.179	648220.948	352.474557	1356.73567	0	100	4.24778e+06	0	0	3
