Iteration	CPUTime	PhysTime	Travels	Value	AvValue	MinValue	MaxValue	Delta	Criteria	Progress	dGMaxMin	CriteriaType	CriteriaVarType	CriteriaPercentage
1	2	0	0.0159381914	-3216685.31	-3216685.31	-3216685.31	-3216685.31	0	0	0	0	6.33573e+06	0	0	3
2	3	0	0.0318763829	-1266761.31	-2241723.31	-3216685.31	-1266761.31	974961.998	0	0	0	5.03162e+06	0	0	3
3	3	0	0.0478145743	-776035.276	-1753160.63	-3216685.31	-776035.276	1463524.68	0	0	0	4.21186e+06	0	0	3
4	3	0	0.0637527658	-710861.902	-1492585.95	-3216685.31	-710861.902	1724099.36	0	0	0	3.50694e+06	0	0	3
5	4	0	0.0796909572	-697846.083	-1333637.98	-3216685.31	-697846.083	1883047.33	0	0	0	3.77125e+06	0	0	3
6	4	0	0.0956291487	-741669.307	-1234976.53	-3216685.31	-697846.083	1981708.78	0	0	0	3.17705e+06	0	0	3
7	4	0	0.11156734	-755943.212	-1166543.2	-3216685.31	-697846.083	2050142.11	0	0	0	3.13649e+06	0	0	3
8	4	0	0.127505532	-782824.598	-1118578.37	-3216685.31	-697846.083	2098106.93	0	0	0	3.14067e+06	0	0	3
9	5	0	0.143443723	-779705.172	-1080925.8	-3216685.31	-697846.083	2135759.51	0	0	0	3.13745e+06	0	0	3
10	5	0	0.159381914	-779973.552	-1050830.57	-3216685.31	-697846.083	2165854.73	0	0	0	3.14365e+06	0	0	3
11	5	0	0.175320106	-774449.714	-1025705.04	-3216685.31	-697846.083	2190980.27	0	0	0	3.10739e+06	0	0	3
12	5	0	0.191258297	-774197.925	-1004746.11	-3216685.31	-697846.083	2211939.19	0	0	0	3.11845e+06	0	0	3
13	6	0	0.207196489	-772011.105	-986843.42	-3216685.31	-697846.083	2229841.89	0	0	0	3.08895e+06	0	0	3
14	6	0	0.22313468	-765389.917	-971025.313	-3216685.31	-697846.083	2245659.99	0	0	0	3.1035e+06	0	0	3
15	6	0	0.239072872	-762681.13	-957135.701	-3216685.31	-697846.083	2259549.61	0	0	0	3.0705e+06	0	0	3
16	7	0	0.255011063	-763820.575	-945053.505	-3216685.31	-697846.083	2271631.8	0	0	0	3.08905e+06	0	0	3
17	7	0	0.270949255	-762731.791	-934328.699	-3216685.31	-697846.083	2282356.61	0	0	0	3.07406e+06	0	0	3
18	7	0	0.286887446	-761040.192	-924701.559	-3216685.31	-697846.083	2291983.75	0	0	0	3.08632e+06	0	0	3
19	7	0	0.302825638	-760725.31	-916071.23	-3216685.31	-697846.083	2300614.08	0	0	0	3.06744e+06	0	0	3
20	8	0	0.318763829	-759507.716	-908243.055	-3216685.31	-697846.083	2308442.25	0	0	0	3.09205e+06	0	0	3
21	8	0	0.33470202	-763588.201	-901354.728	-3216685.31	-697846.083	2315330.58	0	0	0	3.07053e+06	0	0	3
22	8	0	0.350640212	-767910.985	-895289.104	-3216685.31	-697846.083	2321396.2	0	0	0	3.11091e+06	0	0	3
23	8	0	0.366578403	-767276.673	-889723.346	-3216685.31	-697846.083	2326961.96	0	0	0	3.12126e+06	0	0	3
24	9	0	0.382516595	-765066.664	-884529.317	-3216685.31	-697846.083	2332155.99	0	0	0	3.13238e+06	0	0	3
25	9	0	0.398454786	-767234.831	-879837.538	-3216685.31	-697846.083	2336847.77	0	0	0	3.11263e+06	0	0	3
26	9	0	0.414392978	-765761.289	-875449.99	-3216685.31	-697846.083	2341235.32	0	0	0	3.11489e+06	0	0	3
27	9	0	0.430331169	-767497.664	-871451.756	-3216685.31	-697846.083	2345233.55	0	0	0	3.08008e+06	0	0	3
28	10	0	0.446269361	-766542.819	-867705.008	-3216685.31	-697846.083	2348980.3	0	0	0	3.10756e+06	0	0	3
29	10	0	0.462207552	-770157.537	-864341.302	-3216685.31	-697846.083	2352344	0	0	0	3.10037e+06	0	0	3
30	10	0	0.478145743	-773502.207	-861313.332	-3216685.31	-697846.083	2355371.97	0	0	0	3.13655e+06	0	0	3
31	11	0	0.494083935	-779749.506	-858682.241	-3216685.31	-697846.083	2358003.07	0	0	0	3.10796e+06	0	0	3
32	11	0	0.510022126	-783669.797	-856338.102	-3216685.31	-697846.083	2360347.2	0	0	0	3.13138e+06	0	0	3
33	11	0	0.525960318	-784985.962	-780347.498	-1266761.31	-697846.083	568915.227	0	0	0	3.08579e+06	0	0	3
34	11	0	0.541898509	-784537.153	-765277.993	-784985.962	-697846.083	87139.8791	0	0	0	3.09448e+06	0	0	3
35	12	0	0.557836701	-785493.889	-765573.574	-785493.889	-697846.083	87647.8058	0	0	0	3.0859e+06	0	0	3
36	12	0	0.573774892	-788021.055	-767984.798	-788021.055	-697846.083	90174.9714	0	0	0	3.10454e+06	0	0	3
37	12	0	0.589713084	-789921.344	-770862.15	-789921.344	-741669.307	48252.037	0	0	0	3.09258e+06	0	0	3
38	12	0	0.605651275	-795825.72	-772554.538	-795825.72	-755943.212	39882.5074	0	0	0	3.1123e+06	0	0	3
39	13	0	0.621589466	-796512.089	-773822.315	-796512.089	-759507.716	37004.3735	0	0	0	3.08283e+06	0	0	3
40	13	0	0.637527658	-792256.002	-774117.046	-796512.089	-759507.716	37004.3735	0	0	0	3.08511e+06	0	0	3
41	13	0	0.653465849	-787497.361	-774360.552	-796512.089	-759507.716	37004.3735	0	0	0	3.05918e+06	0	0	3
42	14	0	0.669404041	-782258.054	-774431.943	-796512.089	-759507.716	37004.3735	0	0	0	3.05447e+06	0	0	3
43	14	0	0.685342232	-782984.404	-774698.652	-796512.089	-759507.716	37004.3735	0	0	0	3.03739e+06	0	0	3
44	14	0	0.701280424	-782381.274	-774954.382	-796512.089	-759507.716	37004.3735	0	0	0	3.04423e+06	0	0	3
45	14	0	0.717218615	-783838.956	-775324.002	-796512.089	-759507.716	37004.3735	0	0	0	3.03941e+06	0	0	3
46	15	0	0.733156807	-782646.74	-775863.278	-796512.089	-759507.716	37004.3735	0	0	0	3.03602e+06	0	0	3
47	15	0	0.749094998	-784922.795	-776558.33	-796512.089	-759507.716	37004.3735	0	0	0	3.04011e+06	0	0	3
48	15	0	0.76503319	-783796.066	-777182.564	-796512.089	-759507.716	37004.3735	0	0	0	3.04103e+06	0	0	3
49	16	0	0.780971381	-787557.617	-777958.371	-796512.089	-759507.716	37004.3735	0	0	0	3.04771e+06	0	0	3
50	16	0	0.796909572	-788380.773	-778812.764	-796512.089	-759507.716	37004.3735	0	0	0	3.04745e+06	0	0	3
51	16	0	0.812847764	-792032.469	-779791.113	-796512.089	-759507.716	37004.3735	0	0	0	3.0449e+06	0	0	3
52	17	0	0.828785955	-790232.291	-780751.256	-796512.089	-763588.201	32923.8883	0	0	0	3.0459e+06	0	0	3
53	17	0	0.844724147	-791642.986	-781627.968	-796512.089	-765066.664	31445.425	0	0	0	3.04575e+06	0	0	3
54	17	0	0.860662338	-789843.521	-782313.36	-796512.089	-765066.664	31445.425	0	0	0	3.03748e+06	0	0	3
55	17	0	0.87660053	-791129.911	-783058.773	-796512.089	-765066.664	31445.425	0	0	0	3.04764e+06	0	0	3
56	18	0	0.892538721	-788937.015	-783804.722	-796512.089	-765761.289	30750.8002	0	0	0	3.04413e+06	0	0	3
57	18	0	0.908476913	-790986.675	-784546.967	-796512.089	-765761.289	30750.8002	0	0	0	3.03853e+06	0	0	3
58	18	0	0.924415104	-790251.89	-785312.298	-796512.089	-766542.819	29969.2705	0	0	0	3.0403e+06	0	0	3
59	19	0	0.940353295	-792613.227	-786097.16	-796512.089	-766542.819	29969.2705	0	0	0	3.03998e+06	0	0	3
60	19	0	0.956291487	-791976.655	-786891.967	-796512.089	-770157.537	26354.552	0	0	0	3.04266e+06	0	0	3
61	19	0	0.972229678	-793797.921	-787630.729	-796512.089	-773502.207	23009.882	0	0	0	3.04102e+06	0	0	3
62	19	0	0.98816787	-790901.552	-788174.458	-796512.089	-779749.506	16762.5838	0	0	0	3.03475e+06	0	0	3
63	20	0	1.00410606	-793084.812	-788591.187	-796512.089	-782258.054	14254.0355	2959.98019	0	20.7	3.03431e+06	0	0	3
64	20	0	1.02004425	-788981.976	-788757.192	-796512.089	-782258.054	14254.0355	2959.98019	0	20.7	3.03326e+06	0	0	3
65	20	0	1.03598244	-789425.815	-788895.938	-796512.089	-782258.054	14254.0355	2959.98019	0	20.7	3.03021e+06	0	0	3
66	21	0	1.05192064	-784948.397	-788908.789	-796512.089	-782258.054	14254.0355	2959.98019	0	20.7	3.03589e+06	0	0	3
67	21	0	1.06785883	-785496.913	-788908.884	-796512.089	-782258.054	14254.0355	2959.98019	0	20.7	3.0339e+06	0	0	3
68	21	0	1.08379702	-783724.365	-788774.612	-796512.089	-782258.054	14254.0355	2959.98019	0	20.7	3.03211e+06	0	0	3
69	22	0	1.09973521	-785032.241	-788621.828	-796512.089	-782258.054	14254.0355	2959.98019	0	20.7	3.03562e+06	0	0	3
70	22	0	1.1156734	-784531.62	-788268.887	-796512.089	-782258.054	14254.0355	2959.98019	0	20.7	3.0358e+06	0	0	3
71	22	0	1.13161159	-786897.661	-787968.436	-793797.921	-782258.054	11539.8667	2959.98019	0	25.6	3.034e+06	0	0	3
72	23	0	1.14754978	-786635.406	-787792.793	-793797.921	-782258.054	11539.8667	2959.98019	0	25.6	3.02998e+06	0	0	3
73	23	0	1.16348798	-787788.996	-787801.906	-793797.921	-782258.054	11539.8667	2959.98019	0	25.6	3.03088e+06	0	0	3
74	23	0	1.17942617	-785367.418	-787899.074	-793797.921	-782381.274	11416.6462	2959.98019	0	25.9	3.02734e+06	0	0	3
75	23	0	1.19536436	-787132.466	-788028.701	-793797.921	-782381.274	11416.6462	2959.98019	0	25.9	3.0277e+06	0	0	3
76	24	0	1.21130255	-784198.747	-788085.497	-793797.921	-782646.74	11151.1804	2959.98019	0	26.5	3.03225e+06	0	0	3
77	24	0	1.22724074	-785032.234	-788122.787	-793797.921	-782646.74	11151.1804	2959.98019	0	26.5	3.02884e+06	0	0	3
78	25	0	1.24317893	-781988.291	-788102.21	-793797.921	-781988.291	11809.6298	2959.98019	0	25	3.02712e+06	0	0	3
79	25	0	1.25911712	-783191.702	-788048.113	-793797.921	-781988.291	11726.3196	2959.98019	0	25.2	3.02745e+06	0	0	3
80	25	0	1.27505532	-782864.541	-788019.003	-793797.921	-781988.291	10950.5125	2959.98019	0	27	3.02875e+06	0	0	3
81	26	0	1.29099351	-784683.452	-787929.186	-793797.921	-781988.291	10096.1193	2959.98019	0	29.3	3.03041e+06	0	0	3
82	26	0	1.3069317	-783746.808	-787784.374	-793797.921	-781988.291	9117.77063	2959.98019	0	32.4	3.02465e+06	0	0	3
83	26	0	1.32286989	-785183.292	-787570.337	-793797.921	-781988.291	8157.62767	2959.98019	0	36.2	3.02178e+06	0	0	3
84	26	0	1.33880808	-782724.195	-787335.709	-793797.921	-781988.291	7280.91565	2959.98019	0	40.6	3.0204e+06	0	0	3
85	27	0	1.35474627	-784275.569	-787105.478	-793797.921	-781988.291	6595.52389	2959.98019	0	44.8	3.01617e+06	0	0	3
86	27	0	1.37068446	-781040.55	-786830.385	-793797.921	-781040.55	5850.11018	2959.98019	0	50.5	3.02066e+06	0	0	3
87	27	0	1.38662266	-782597.107	-786563.735	-793797.921	-781040.55	5104.16175	2959.98019	0	57.9	3.01703e+06	0	0	3
88	28	0	1.40256085	-778307.39	-786231.559	-793797.921	-778307.39	4361.91661	2959.98019	0	67.8	3.01556e+06	0	0	3
89	28	0	1.41849904	-780371.156	-785899.824	-793797.921	-778307.39	3596.58534	2959.98019	0	82.2	3.01519e+06	0	0	3
90	28	0	1.43443723	-780271.55	-785587.938	-793797.921	-778307.39	3320.94533	2959.98019	0	89.1	3.01592e+06	0	0	3
91	29	0	1.45037542	-782563.507	-785273.885	-793797.921	-778307.39	3634.99907	2959.98019	0	81.4	3.01883e+06	0	0	3
92	29	0	1.46631361	-780886.472	-784927.316	-793797.921	-778307.39	3981.56729	2959.98019	0	74.3	3.01155e+06	0	0	3
93	29	0	1.4822518	-783539.509	-784606.741	-793084.812	-778307.39	4302.14266	2959.98019	0	68.8	3.01354e+06	0	0	3
94	30	0	1.49819	-780860.726	-784292.965	-793084.812	-778307.39	4615.91848	2959.98019	0	64.1	3.00768e+06	0	0	3
95	30	0	1.51412819	-784001.559	-784009.113	-789425.815	-778307.39	4899.77013	2959.98019	0	60.4	3.00614e+06	0	0	3
96	30	0	1.53006638	-779772.003	-783721.302	-789425.815	-778307.39	5187.58177	2959.98019	0	57	3.0098e+06	0	0	3
97	31	0	1.54600457	-781990.328	-783488.943	-787788.996	-778307.39	5419.94073	2959.98019	0	54.6	3.0108e+06	0	0	3
98	31	0	1.56194276	-778710.364	-783294.004	-787788.996	-778307.39	5614.87925	2959.98019	0	52.7	3.01292e+06	0	0	3
99	31	0	1.57788095	-780281.639	-783131.027	-787788.996	-778307.39	5643.585	2959.98019	0	52.4	3.0148e+06	0	0	3
100	32	0	1.59381914	-779124.55	-782987.283	-787788.996	-778307.39	5634.54476	2959.98019	0	52.5	3.01537e+06	0	0	3
101	33	0	1.60975734	-782652.511	-782912.916	-787788.996	-778307.39	5355.97071	2959.98019	0	55.2	3.01872e+06	0	0	3
102	33	0	1.62569553	-782248.934	-782841.582	-787788.996	-778307.39	5281.20428	2959.98019	0	56	3.01426e+06	0	0	3
103	34	0	1.64163372	-784100.836	-782754.182	-787788.996	-778307.39	5368.60507	2959.98019	0	55.1	3.01937e+06	0	0	3
104	34	0	1.65757191	-780262.433	-782555.026	-787788.996	-778307.39	5567.76049	2959.98019	0	53.1	3.01326e+06	0	0	3
105	34	0	1.6735101	-781531.719	-782359.486	-787132.466	-778307.39	5763.30037	2959.98019	0	51.3	3.0102e+06	0	0	3
106	34	0	1.68944829	-779120.483	-782164.269	-787132.466	-778307.39	5958.51711	2959.98019	0	49.6	3.01465e+06	0	0	3
107	35	0	1.70538648	-780958.516	-781971.334	-785183.292	-778307.39	6151.45305	2959.98019	0	48.1	3.01133e+06	0	0	3
108	35	0	1.72132468	-777479.357	-781761.353	-785183.292	-777479.357	6361.43398	2959.98019	0	46.5	3.00943e+06	0	0	3
109	35	0	1.73726287	-779368.168	-781584.351	-785183.292	-777479.357	6517.85951	2959.98019	0	45.4	3.01401e+06	0	0	3
110	36	0	1.75320106	-779082.608	-781493.548	-785183.292	-777479.357	6554.56542	2959.98019	0	45.1	3.01719e+06	0	0	3
111	36	0	1.76913925	-780930.657	-781422.89	-785183.292	-777479.357	6596.11294	2959.98019	0	44.8	3.01564e+06	0	0	3
112	36	0	1.78507744	-780439.604	-781347.111	-785183.292	-777479.357	6582.07457	2959.98019	0	44.9	3.01384e+06	0	0	3
113	37	0	1.80101563	-782161.925	-781268.313	-785183.292	-777479.357	6516.06088	2959.98019	0	45.4	3.01749e+06	0	0	3
114	37	0	1.81695383	-780056.889	-781153.003	-785183.292	-777479.357	6417.33403	2959.98019	0	46.1	3.01694e+06	0	0	3
115	37	0	1.83289202	-782500.014	-781069.151	-784275.569	-777479.357	6266.55846	2959.98019	0	47.2	3.01585e+06	0	0	3
116	38	0	1.84883021	-779775.215	-780976.995	-784275.569	-777479.357	6128.48232	2959.98019	0	48.2	3.01837e+06	0	0	3
117	38	0	1.8647684	-780430.34	-780856.832	-784100.836	-777479.357	5973.55291	2959.98019	0	49.5	3.01672e+06	0	0	3
118	38	0	1.88070659	-778454.68	-780776.023	-784100.836	-777479.357	5787.71122	2959.98019	0	51.1	3.01311e+06	0	0	3
119	39	0	1.89664478	-779489.99	-780678.926	-784100.836	-777479.357	5552.63285	2959.98019	0	53.3	3.01647e+06	0	0	3
120	39	0	1.91258297	-777817.881	-780663.629	-784100.836	-777479.357	5236.19502	2959.98019	0	56.5	3.01841e+06	0	0	3
121	39	0	1.92852117	-780521.423	-780668.325	-784100.836	-777479.357	4924.30941	2959.98019	0	60.1	3.02775e+06	0	0	3
122	40	0	1.94445936	-780915.991	-780688.463	-784100.836	-777479.357	4610.25567	2959.98019	0	64.2	3.02336e+06	0	0	3
123	40	0	1.96039755	-784011.304	-780733.707	-784100.836	-777479.357	4263.68745	2959.98019	0	69.4	3.01927e+06	0	0	3
124	40	0	1.97633574	-781792.497	-780762.02	-784100.836	-777479.357	3943.11208	2959.98019	0	75	3.01631e+06	0	0	3
125	41	0	1.99227393	-782522.895	-780730.251	-784100.836	-777479.357	3629.33626	2959.98019	0	81.5	3.0112e+06	0	0	3
126	41	0	2.00821212	-779405.851	-780684.786	-784100.836	-777479.357	3345.48461	2959.98019	0	88.4	3.00875e+06	0	0	3
127	41	0	2.02415031	-781163.481	-780596.096	-784100.836	-777479.357	3125.20539	2959.98019	0	94.7	3.02275e+06	0	0	3
128	42	0	2.04008851	-779214.486	-780578.674	-784100.836	-777479.357	2910.26884	2959.98019	0	100	3.02022e+06	0	0	3
