Iteration	CPUTime	PhysTime	Travels	Value	AvValue	MinValue	MaxValue	Delta	Criteria	Progress	dGMaxMin	CriteriaType	CriteriaVarType	CriteriaPercentage
1	2	0	0.0159381914	1343.72673	1343.72673	1343.72673	1343.72673	0	0	0	0	0	0	0	3
2	3	0	0.0318763829	1336.20182	1339.96428	1336.20182	1343.72673	3.76245623	0	0	0	0	0	0	3
3	3	0	0.0478145743	1331.07868	1337.00241	1331.07868	1343.72673	6.72432304	0	0	0	0	0	0	3
4	3	0	0.0637527658	1327.916	1334.73081	1327.916	1343.72673	8.99592642	0	0	0	0	0	0	3
5	4	0	0.0796909572	1326.61937	1333.10852	1326.61937	1343.72673	10.6182138	0	0	0	0	0	0	3
6	4	0	0.0956291487	1326.90265	1332.07421	1326.61937	1343.72673	11.6525258	0	0	0	0	0	0	3
7	4	0	0.11156734	1329.96566	1331.77298	1326.61937	1343.72673	11.953747	0	0	0	0	0	0	3
8	4	0	0.127505532	1334.56529	1332.12202	1326.61937	1343.72673	11.953747	0	0	0	0	0	0	3
9	5	0	0.143443723	1340.03844	1333.00162	1326.61937	1343.72673	11.953747	0	0	0	0	0	0	3
10	5	0	0.159381914	1345.92972	1334.29443	1326.61937	1345.92972	11.953747	0	0	0	0	0	0	3
11	5	0	0.175320106	1353.55567	1336.04546	1326.61937	1353.55567	11.953747	0	0	0	0	0	0	3
12	5	0	0.191258297	1359.99546	1338.04129	1326.61937	1359.99546	11.953747	0	0	0	0	0	0	3
13	6	0	0.207196489	1364.87268	1340.10524	1326.61937	1364.87268	11.953747	0	0	0	0	0	0	3
14	6	0	0.22313468	1368.62504	1342.14237	1326.61937	1368.62504	11.953747	0	0	0	0	0	0	3
15	6	0	0.239072872	1371.64186	1344.109	1326.61937	1371.64186	12.3360184	0	0	0	0	0	0	3
16	7	0	0.255011063	1374.85798	1346.03081	1326.61937	1374.85798	14.2578297	0	0	0	0	0	0	3
17	7	0	0.270949255	1376.9657	1347.85051	1326.61937	1376.9657	16.0775288	0	0	0	0	0	0	3
18	7	0	0.286887446	1378.9662	1349.57916	1326.61937	1378.9662	17.8061783	0	0	0	0	0	0	3
19	7	0	0.302825638	1379.90036	1351.17502	1326.61937	1379.90036	19.4020309	0	0	0	0	0	0	3
20	8	0	0.318763829	1381.35019	1352.68377	1326.61937	1381.35019	20.9107896	0	0	0	0	0	0	3
21	8	0	0.33470202	1382.56103	1354.1065	1326.61937	1382.56103	22.333516	0	0	0	0	0	0	3
22	8	0	0.350640212	1383.64533	1355.44917	1326.61937	1383.64533	23.67619	0	0	0	0	0	0	3
23	8	0	0.366578403	1383.99661	1356.69037	1326.61937	1383.99661	24.9173828	0	0	0	0	0	0	3
24	9	0	0.382516595	1384.61261	1357.85379	1326.61937	1384.61261	26.0808096	0	0	0	0	0	0	3
25	9	0	0.398454786	1384.50461	1358.91983	1326.61937	1384.61261	27.1468424	0	0	0	0	0	0	3
26	9	0	0.414392978	1385.26922	1359.93327	1326.61937	1385.26922	28.1602806	0	0	0	0	0	0	3
27	9	0	0.430331169	1384.87419	1360.857	1326.61937	1385.26922	29.0840185	0	0	0	0	0	0	3
28	10	0	0.446269361	1385.43023	1361.73462	1326.61937	1385.43023	29.9616337	0	0	0	0	0	0	3
29	10	0	0.462207552	1385.07662	1362.53952	1326.61937	1385.43023	30.7665304	0	0	0	0	0	0	3
30	10	0	0.478145743	1385.6744	1363.31068	1326.61937	1385.6744	31.5376933	0	0	0	0	0	0	3
31	11	0	0.494083935	1385.66186	1364.03168	1326.61937	1385.6744	32.2586992	0	0	0	0	0	0	3
32	11	0	0.510022126	1385.52415	1364.70332	1326.61937	1385.6744	32.9303388	0	0	0	0	0	0	3
33	11	0	0.525960318	1385.60431	1366.012	1326.61937	1385.6744	34.239013	0	0	0	0	0	0	3
34	11	0	0.541898509	1385.81714	1367.56248	1326.61937	1385.81714	35.7894918	0	0	0	0	0	0	3
35	12	0	0.557836701	1385.68282	1369.26886	1326.61937	1385.81714	37.4958713	0	0	0	0	0	0	3
36	12	0	0.573774892	1385.63733	1371.07265	1326.61937	1385.81714	39.2996631	0	0	0	0	0	0	3
37	12	0	0.589713084	1385.38694	1372.90913	1326.90265	1385.81714	41.1361496	0	0	0	0	0	0	3
38	12	0	0.605651275	1385.80529	1374.74984	1329.96566	1385.81714	42.9768572	0	0	0	0	0	0	3
39	13	0	0.621589466	1385.34416	1376.48042	1334.56529	1385.81714	44.3583974	0	0	0	0	0	0	3
40	13	0	0.637527658	1384.96432	1378.05539	1340.03844	1385.81714	45.0537657	0	0	0	0	0	0	3
41	13	0	0.653465849	1384.96615	1379.45938	1345.92972	1385.81714	39.8874197	0	0	0	0	0	0	3
42	14	0	0.669404041	1384.82266	1380.67479	1353.55567	1385.81714	32.2614654	0	0	0	0	0	0	3
43	14	0	0.685342232	1383.7532	1381.61846	1359.99546	1385.81714	25.8216776	0	0	0	0	0	0	3
44	14	0	0.701280424	1384.64417	1382.38873	1364.87268	1385.81714	20.9444645	0	0	0	0	0	0	3
45	14	0	0.717218615	1383.77379	1382.97939	1368.62504	1385.81714	17.1921003	0	0	0	0	0	0	3
46	15	0	0.733156807	1385.18253	1383.49681	1371.64186	1385.81714	14.1752825	0	0	0	0	0	0	3
47	15	0	0.749094998	1383.88881	1383.87953	1374.85798	1385.81714	10.959156	0	0	0	0	0	0	3
48	15	0	0.76503319	1384.85913	1384.19206	1376.9657	1385.81714	8.85144047	0	0	0	0	0	0	3
49	16	0	0.780971381	1383.71663	1384.40303	1378.9662	1385.81714	6.85093544	0	0	0	0	0	0	3
50	16	0	0.796909572	1384.73081	1384.58317	1379.90036	1385.81714	5.91677846	0	0	0	0	0	0	3
51	16	0	0.812847764	1383.39774	1384.69247	1381.35019	1385.81714	4.46695029	0	0	0	0	0	0	3
52	17	0	0.828785955	1384.40755	1384.78801	1382.56103	1385.81714	3.2561115	0	0	0	0	0	0	3
53	17	0	0.844724147	1383.22728	1384.80883	1383.22728	1385.81714	2.58985915	0	0	0	0	0	0	3
54	17	0	0.860662338	1384.52526	1384.83633	1383.22728	1385.81714	2.58985915	0	0	0	0	0	0	3
55	17	0	0.87660053	1383.00046	1384.8052	1383.00046	1385.81714	2.81668288	0	0	0	0	0	0	3
56	18	0	0.892538721	1384.35449	1384.79713	1383.00046	1385.81714	2.81668288	0	0	0	0	0	0	3
57	18	0	0.908476913	1382.92761	1384.74785	1382.92761	1385.81714	2.88953057	0	0	0	0	0	0	3
58	18	0	0.924415104	1384.54914	1384.72535	1382.92761	1385.81714	2.88953057	0	0	0	0	0	0	3
59	19	0	0.940353295	1382.80987	1384.66084	1382.80987	1385.81714	3.00726998	0	0	0	0	0	0	3
60	19	0	0.956291487	1384.07954	1384.61863	1382.80987	1385.81714	3.00726998	0	0	0	0	0	0	3
61	19	0	0.972229678	1382.81795	1384.54805	1382.80987	1385.81714	3.00726998	0	0	0	0	0	0	3
62	19	0	0.98816787	1384.29191	1384.50484	1382.80987	1385.81714	3.00726998	0	0	0	0	0	0	3
63	20	0	1.00410606	1382.9694	1384.4207	1382.80987	1385.81714	3.00726998	1.77593315	0	59	0	0	0	3
64	20	0	1.02004425	1384.31858	1384.38303	1382.80987	1385.81714	3.00726998	1.77593315	0	59	0	0	0	3
65	20	0	1.03598244	1382.56151	1384.28794	1382.56151	1385.81714	3.25562791	1.77593315	0	54.5	0	0	0	3
66	21	0	1.05192064	1383.94271	1384.22937	1382.56151	1385.80529	3.24377536	1.77593315	0	54.7	0	0	0	3
67	21	0	1.06785883	1382.5445	1384.13129	1382.5445	1385.80529	3.26078295	1.77593315	0	54.4	0	0	0	3
68	21	0	1.08379702	1384.26835	1384.08851	1382.5445	1385.80529	3.26078295	1.77593315	0	54.4	0	0	0	3
69	22	0	1.09973521	1382.6021	1384.00149	1382.5445	1385.80529	3.26078295	1.77593315	0	54.4	0	0	0	3
70	22	0	1.1156734	1384.07885	1383.94754	1382.5445	1385.34416	2.79965482	1.77593315	0	63.4	0	0	0	3
71	22	0	1.13161159	1382.32193	1383.85309	1382.32193	1385.18253	2.86059748	1.77593315	0	62	0	0	0	3
72	23	0	1.14754978	1383.85225	1383.81834	1382.32193	1385.18253	2.86059748	1.77593315	0	62	0	0	0	3
73	23	0	1.16348798	1382.76362	1383.74951	1382.32193	1385.18253	2.86059748	1.77593315	0	62	0	0	0	3
74	23	0	1.17942617	1384.20212	1383.73012	1382.32193	1385.18253	2.86059748	1.77593315	0	62	0	0	0	3
75	23	0	1.19536436	1382.50843	1383.69122	1382.32193	1385.18253	2.44759867	1.77593315	0	72.5	0	0	0	3
76	24	0	1.21130255	1383.70793	1383.66196	1382.32193	1385.18253	1.85693878	1.77593315	0	95.6	0	0	0	3
77	24	0	1.22724074	1382.22922	1383.61369	1382.22922	1385.18253	1.33951721	1.77593315	0	100	0	0	0	3
78	25	0	1.24317893	1383.73236	1383.56838	1382.22922	1384.85913	1.26795278	1.77593315	0	100	0	0	0	3
79	25	0	1.25911712	1382.62832	1383.52899	1382.22922	1384.85913	1.307343	1.77593315	0	100	0	0	0	3
80	25	0	1.27505532	1384.04207	1383.50345	1382.22922	1384.73081	1.33287631	1.77593315	0	100	0	0	0	3
81	26	0	1.29099351	1382.52762	1383.4663	1382.22922	1384.73081	1.37003268	1.77593315	0	100	0	0	0	3
82	26	0	1.3069317	1383.58216	1383.4304	1382.22922	1384.54914	1.4059277	1.77593315	0	100	0	0	0	3
83	26	0	1.32286989	1382.52138	1383.40301	1382.22922	1384.54914	1.43331412	1.77593315	0	100	0	0	0	3
84	26	0	1.33880808	1383.38039	1383.37092	1382.22922	1384.54914	1.46541272	1.77593315	0	100	0	0	0	3
85	27	0	1.35474627	1381.96055	1383.33133	1381.96055	1384.54914	1.50499815	1.77593315	0	100	0	0	0	3
86	27	0	1.37068446	1383.12217	1383.28748	1381.96055	1384.54914	1.51771525	1.77593315	0	100	0	0	0	3
87	27	0	1.38662266	1382.10689	1383.25956	1381.96055	1384.54914	1.53757285	1.77593315	0	100	0	0	0	3
88	28	0	1.40256085	1383.5885	1383.23562	1381.96055	1384.54914	1.51222877	1.77593315	0	100	0	0	0	3
89	28	0	1.41849904	1382.2079	1383.21313	1381.96055	1384.54914	1.51221716	1.77593315	0	100	0	0	0	3
90	28	0	1.43443723	1383.16016	1383.16973	1381.96055	1384.31858	1.49111269	1.77593315	0	100	0	0	0	3
91	29	0	1.45037542	1382.39154	1383.15665	1381.96055	1384.31858	1.46197652	1.77593315	0	100	0	0	0	3
92	29	0	1.46631361	1383.59723	1383.14158	1381.96055	1384.31858	1.40646523	1.77593315	0	100	0	0	0	3
93	29	0	1.4822518	1382.17504	1383.12149	1381.96055	1384.31858	1.38335337	1.77593315	0	100	0	0	0	3
94	30	0	1.49819	1383.7543	1383.10469	1381.96055	1384.31858	1.31601435	1.77593315	0	100	0	0	0	3
95	30	0	1.51412819	1381.90311	1383.07137	1381.90311	1384.31858	1.31166179	1.77593315	0	100	0	0	0	3
96	30	0	1.53006638	1383.32692	1383.04038	1381.90311	1384.26835	1.24756374	1.77593315	0	100	0	0	0	3
97	31	0	1.54600457	1382.05784	1383.02464	1381.90311	1384.26835	1.20472753	1.77593315	0	100	0	0	0	3
98	31	0	1.56194276	1382.89916	1382.99203	1381.90311	1384.26835	1.139266	1.77593315	0	100	0	0	0	3
99	31	0	1.57788095	1381.48818	1382.95902	1381.48818	1384.26835	1.12949559	1.77593315	0	100	0	0	0	3
100	32	0	1.59381914	1382.79803	1382.91307	1381.48818	1384.20212	1.08841704	1.77593315	0	100	0	0	0	3
101	33	0	1.60975734	1381.78357	1382.88749	1381.48818	1384.20212	1.06004477	1.77593315	0	100	0	0	0	3
102	33	0	1.62569553	1382.84334	1382.84888	1381.48818	1384.20212	1.0042099	1.77593315	0	100	0	0	0	3
103	34	0	1.64163372	1381.45769	1382.82187	1381.45769	1384.20212	0.996465162	1.77593315	0	100	0	0	0	3
104	34	0	1.65757191	1382.78374	1382.78848	1381.45769	1384.20212	0.961027124	1.77593315	0	100	0	0	0	3
105	34	0	1.6735101	1381.5256	1382.7498	1381.45769	1384.20212	0.980323079	1.77593315	0	100	0	0	0	3
106	34	0	1.68944829	1382.43567	1382.69459	1381.45769	1384.04207	0.996625433	1.77593315	0	100	0	0	0	3
107	35	0	1.70538648	1381.60398	1382.66633	1381.45769	1384.04207	0.995631784	1.77593315	0	100	0	0	0	3
108	35	0	1.72132468	1383.00562	1382.64438	1381.45769	1384.04207	0.969310872	1.77593315	0	100	0	0	0	3
109	35	0	1.73726287	1381.46804	1382.6206	1381.45769	1384.04207	0.947779648	1.77593315	0	100	0	0	0	3
110	36	0	1.75320106	1382.60265	1382.58529	1381.45769	1384.04207	0.943692722	1.77593315	0	100	0	0	0	3
111	36	0	1.76913925	1381.75082	1382.55787	1381.45769	1384.04207	0.945581259	1.77593315	0	100	0	0	0	3
112	36	0	1.78507744	1382.45784	1382.50836	1381.45769	1383.7543	0.957932101	1.77593315	0	100	0	0	0	3
113	37	0	1.80101563	1380.93795	1382.45869	1380.93795	1383.7543	0.971714397	1.77593315	0	100	0	0	0	3
114	37	0	1.81695383	1382.4688	1382.42389	1380.93795	1383.7543	0.979120668	1.77593315	0	100	0	0	0	3
115	37	0	1.83289202	1381.53535	1382.39308	1380.93795	1383.7543	0.977835496	1.77593315	0	100	0	0	0	3
116	38	0	1.84883021	1382.38797	1382.36207	1380.93795	1383.7543	0.969263216	1.77593315	0	100	0	0	0	3
117	38	0	1.8647684	1381.30729	1382.34165	1380.93795	1383.7543	0.945830665	1.77593315	0	100	0	0	0	3
118	38	0	1.88070659	1382.87758	1382.33401	1380.93795	1383.7543	0.925550124	1.77593315	0	100	0	0	0	3
119	39	0	1.89664478	1381.62552	1382.31897	1380.93795	1383.7543	0.916655807	1.77593315	0	100	0	0	0	3
120	39	0	1.91258297	1382.71156	1382.29156	1380.93795	1383.7543	0.921569128	1.77593315	0	100	0	0	0	3
121	39	0	1.92852117	1381.5382	1382.27063	1380.93795	1383.7543	0.899091618	1.77593315	0	100	0	0	0	3
122	40	0	1.94445936	1382.48693	1382.2496	1380.93795	1383.7543	0.907057287	1.77593315	0	100	0	0	0	3
123	40	0	1.96039755	1381.42781	1382.21948	1380.93795	1383.7543	0.922101483	1.77593315	0	100	0	0	0	3
124	40	0	1.97633574	1382.397	1382.18197	1380.93795	1383.7543	0.939517751	1.77593315	0	100	0	0	0	3
125	41	0	1.99227393	1381.21603	1382.152	1380.93795	1383.7543	0.952686636	1.77593315	0	100	0	0	0	3
126	41	0	2.00821212	1382.31792	1382.10712	1380.93795	1383.32692	0.964251978	1.77593315	0	100	0	0	0	3
127	41	0	2.02415031	1381.26246	1382.0871	1380.93795	1383.32692	0.953282855	1.77593315	0	100	0	0	0	3
128	42	0	2.04008851	1382.64487	1382.06578	1380.93795	1383.00562	0.958857273	1.77593315	0	100	0	0	0	3
