Iteration	CPUTime	PhysTime	Travels	Value	AvValue	MinValue	MaxValue	Delta	Criteria	Progress	dGMaxMin	CriteriaType	CriteriaVarType	CriteriaPercentage
1	2	0	0.0156598047	-1411652.03	-1411652.03	-1411652.03	-1411652.03	0	0	0	0	6.54631e+06	0	0	3
2	2	0	0.0313196094	-183699.456	-797675.742	-1411652.03	-183699.456	613976.286	0	0	0	4.83858e+06	0	0	3
3	3	0	0.0469794141	326042.907	-423102.859	-1411652.03	326042.907	988549.169	0	0	0	4.78193e+06	0	0	3
4	3	0	0.0626392188	397962.519	-217836.515	-1411652.03	397962.519	1193815.51	0	0	0	5.02639e+06	0	0	3
5	3	0	0.0782990235	399650.777	-94339.0562	-1411652.03	399650.777	1317312.97	0	0	0	5.17256e+06	0	0	3
6	4	0	0.0939588282	370328.675	-16894.4343	-1411652.03	399650.777	1394757.59	0	0	0	5.15551e+06	0	0	3
7	4	0	0.109618633	371036.876	38524.3243	-1411652.03	399650.777	1450176.35	0	0	0	5.17932e+06	0	0	3
8	4	0	0.125278438	365385.342	79381.9515	-1411652.03	399650.777	1491033.98	0	0	0	5.04532e+06	0	0	3
9	4	0	0.140938242	368332.807	111487.602	-1411652.03	399650.777	1523139.63	0	0	0	4.90148e+06	0	0	3
10	4	0	0.156598047	371415.687	137480.411	-1411652.03	399650.777	1549132.44	0	0	0	4.70157e+06	0	0	3
11	5	0	0.172257852	366856.388	158332.772	-1411652.03	399650.777	1569984.8	0	0	0	4.67151e+06	0	0	3
12	5	0	0.187917656	359701.264	175113.48	-1411652.03	399650.777	1586765.51	0	0	0	4.57235e+06	0	0	3
13	5	0	0.203577461	355077.347	188956.854	-1411652.03	399650.777	1600608.88	0	0	0	4.54194e+06	0	0	3
14	5	0	0.219237266	346844.011	200234.508	-1411652.03	399650.777	1611886.54	0	0	0	4.49255e+06	0	0	3
15	5	0	0.234897071	345481.058	209917.612	-1411652.03	399650.777	1621569.64	0	0	0	4.47311e+06	0	0	3
16	6	0	0.250556875	342447.785	218200.747	-1411652.03	399650.777	1629852.78	0	0	0	4.47236e+06	0	0	3
17	6	0	0.26621668	337841.982	225238.467	-1411652.03	399650.777	1636890.5	0	0	0	4.46016e+06	0	0	3
18	6	0	0.281876485	332173.643	231179.31	-1411652.03	399650.777	1642831.34	0	0	0	4.46263e+06	0	0	3
19	6	0	0.297536289	330361.224	236399.411	-1411652.03	399650.777	1648051.44	0	0	0	4.40127e+06	0	0	3
20	7	0	0.313196094	329434.5	241051.165	-1411652.03	399650.777	1652703.19	0	0	0	4.41907e+06	0	0	3
21	7	0	0.328855899	327847.546	245184.326	-1411652.03	399650.777	1656836.35	0	0	0	4.39404e+06	0	0	3
22	7	0	0.344515703	327711.396	248935.557	-1411652.03	399650.777	1660587.59	0	0	0	4.41859e+06	0	0	3
23	7	0	0.360175508	327694.507	252359.859	-1411652.03	399650.777	1664011.89	0	0	0	4.37749e+06	0	0	3
24	8	0	0.375835313	326845.914	255463.445	-1411652.03	399650.777	1667115.47	0	0	0	4.39261e+06	0	0	3
25	8	0	0.391495118	326395.361	258300.721	-1411652.03	399650.777	1669952.75	0	0	0	4.37242e+06	0	0	3
26	8	0	0.407154922	326370.261	260918.781	-1411652.03	399650.777	1672570.81	0	0	0	4.35103e+06	0	0	3
27	8	0	0.422814727	325087	263295.381	-1411652.03	399650.777	1674947.41	0	0	0	4.32986e+06	0	0	3
28	8	0	0.438474532	324974.517	265498.207	-1411652.03	399650.777	1677150.24	0	0	0	4.34495e+06	0	0	3
29	9	0	0.454134336	324416.881	267529.886	-1411652.03	399650.777	1679181.91	0	0	0	4.33682e+06	0	0	3
30	9	0	0.469794141	323849.81	269407.217	-1411652.03	399650.777	1681059.25	0	0	0	4.32937e+06	0	0	3
31	9	0	0.485453946	322638.312	271124.349	-1411652.03	399650.777	1682776.38	0	0	0	4.35041e+06	0	0	3
32	9	0	0.50111375	321545.907	272700.022	-1411652.03	399650.777	1684352.05	0	0	0	4.32695e+06	0	0	3
33	10	0	0.516773555	321777.787	326869.704	-183699.456	399650.777	583350.233	0	0	0	4.35654e+06	0	0	3
34	10	0	0.53243336	321770.353	342665.636	321545.907	399650.777	78104.8702	0	0	0	4.32633e+06	0	0	3
35	10	0	0.548093165	321291.402	342517.151	321291.402	399650.777	78359.3755	0	0	0	4.34056e+06	0	0	3
36	10	0	0.563752969	321465.92	340126.632	321291.402	399650.777	78359.3755	0	0	0	4.2978e+06	0	0	3
37	11	0	0.579412774	322231.602	337707.283	321291.402	371415.687	50124.2848	0	0	0	4.3619e+06	0	0	3
38	11	0	0.595072579	322307.197	336206.612	321291.402	371415.687	50124.2848	0	0	0	4.33348e+06	0	0	3
39	11	0	0.610732383	321580.633	334661.104	321291.402	371415.687	50124.2848	0	0	0	4.34136e+06	0	0	3
40	11	0	0.626392188	321043.033	333275.407	321043.033	371415.687	50372.6541	0	0	0	4.31354e+06	0	0	3
41	11	0	0.642051993	319683.363	331755.112	319683.363	371415.687	51732.3241	0	0	0	4.37194e+06	0	0	3
42	12	0	0.657711797	319368.379	330128.634	319368.379	366856.388	47488.0084	0	0	0	4.31099e+06	0	0	3
43	12	0	0.673371602	318964.201	328632.003	318964.201	359701.264	40737.0631	0	0	0	4.35621e+06	0	0	3
44	12	0	0.689031407	317997.883	327328.772	317997.883	355077.347	37079.4639	0	0	0	4.29555e+06	0	0	3
45	12	0	0.704691212	318323.767	326180.223	317997.883	346844.011	28846.1279	0	0	0	4.35341e+06	0	0	3
46	13	0	0.720351016	318298.081	325288.163	317997.883	345481.058	27483.1752	0	0	0	4.28824e+06	0	0	3
47	13	0	0.736010821	317882.206	324425.698	317882.206	342447.785	24565.5796	0	0	0	4.36389e+06	0	0	3
48	13	0	0.751670626	318075.319	323664.059	317882.206	337841.982	19959.7769	0	0	0	4.2968e+06	0	0	3
49	13	0	0.76733043	318556.765	323061.396	317882.206	332173.643	14291.437	0	0	0	4.36365e+06	0	0	3
50	14	0	0.782990235	318615.72	322637.711	317882.206	330361.224	12479.0181	0	0	0	4.31365e+06	0	0	3
51	14	0	0.79865004	318892.568	322279.315	317882.206	329434.5	11552.2943	0	0	0	4.34075e+06	0	0	3
52	14	0	0.814309844	318079.651	321924.476	317882.206	327847.546	9965.34065	0	0	0	4.2953e+06	0	0	3
53	14	0	0.829969649	316988.265	321585.124	316988.265	327711.396	10723.1311	0	0	0	4.34398e+06	0	0	3
54	15	0	0.845629454	317106.658	321253.726	316988.265	327694.507	10706.2417	0	0	0	4.28899e+06	0	0	3
55	15	0	0.861289259	317254.764	320927.484	316988.265	326845.914	9857.64843	0	0	0	4.32983e+06	0	0	3
56	15	0	0.876949063	317066.963	320621.891	316988.265	326395.361	9407.09609	0	0	0	4.29728e+06	0	0	3
57	15	0	0.892608868	317904.112	320356.54	316988.265	326370.261	9381.9955	0	0	0	4.31126e+06	0	0	3
58	16	0	0.908268673	318439.456	320108.702	316988.265	325087	8098.73419	0	0	0	4.28648e+06	0	0	3
59	16	0	0.923928477	318253.23	319895.147	316988.265	324974.517	7986.25112	0	0	0	4.32795e+06	0	0	3
60	16	0	0.939588282	318606.713	319696.153	316988.265	324416.881	7428.61536	0	0	0	4.27332e+06	0	0	3
61	17	0	0.955248087	318668.511	319516.517	316988.265	323849.81	6861.54459	0	0	0	4.34628e+06	0	0	3
62	17	0	0.970907892	318901.265	319361.875	316988.265	322638.312	5650.04634	0	0	0	4.29677e+06	0	0	3
63	17	0	0.986567696	319634.126	319267.994	316988.265	322307.197	5318.9313	0	0	0	4.34938e+06	0	0	3
64	17	0	1.0022275	319859.025	319215.279	316988.265	322307.197	5318.9313	2479.87536	0	46.6	4.29815e+06	0	0	3
65	18	0	1.01788731	318832.32	319123.233	316988.265	322307.197	5318.9313	2479.87536	0	46.6	4.3066e+06	0	0	3
66	18	0	1.03354711	318562.742	319022.995	316988.265	322307.197	5318.9313	2479.87536	0	46.6	4.26496e+06	0	0	3
67	18	0	1.04920692	318161.847	318925.196	316988.265	322307.197	5318.9313	2479.87536	0	46.6	4.31836e+06	0	0	3
68	19	0	1.06486672	318182.952	318822.604	316988.265	322307.197	5318.9313	2479.87536	0	46.6	4.28512e+06	0	0	3
69	19	0	1.08052652	318790.369	318715.065	316988.265	322307.197	5318.9313	2479.87536	0	46.6	4.27918e+06	0	0	3
70	19	0	1.09618633	319216.877	318618.493	316988.265	321580.633	4592.36775	2479.87536	0	53.9	4.26652e+06	0	0	3
71	19	0	1.11184613	318795.707	318531.464	316988.265	321043.033	4054.76722	2479.87536	0	61.1	4.28132e+06	0	0	3
72	20	0	1.12750594	319676.17	318488.749	316988.265	319859.025	2870.75995	2479.87536	0	86.3	4.25927e+06	0	0	3
73	20	0	1.14316574	319989.255	318498.308	316988.265	319989.255	3000.98913	2479.87536	0	82.6	4.28718e+06	0	0	3
74	20	0	1.15882555	320639.067	318538.017	316988.265	320639.067	3650.80152	2479.87536	0	67.9	4.24709e+06	0	0	3
75	21	0	1.17448535	320502.288	318586.083	316988.265	320639.067	3650.80152	2479.87536	0	67.9	4.31355e+06	0	0	3
76	21	0	1.19014516	319502.692	318633.108	316988.265	320639.067	3650.80152	2479.87536	0	67.9	4.27011e+06	0	0	3
77	21	0	1.20580496	319030.432	318655.191	316988.265	320639.067	3650.80152	2479.87536	0	67.9	4.30938e+06	0	0	3
78	22	0	1.22146477	319057.343	318678.918	316988.265	320639.067	3650.80152	2479.87536	0	67.9	4.27117e+06	0	0	3
79	22	0	1.23712457	318447.176	318696.573	316988.265	320639.067	3650.80152	2479.87536	0	67.9	4.30594e+06	0	0	3
80	22	0	1.25278438	318409.794	318707.026	316988.265	320639.067	3650.80152	2479.87536	0	67.9	4.25295e+06	0	0	3
81	22	0	1.26844418	319143.895	318725.373	316988.265	320639.067	3650.80152	2479.87536	0	67.9	4.32552e+06	0	0	3
82	23	0	1.28410399	319494.927	318752.849	316988.265	320639.067	3650.80152	2479.87536	0	67.9	4.26248e+06	0	0	3
83	23	0	1.29976379	320071.749	318789.698	316988.265	320639.067	3435.72703	2479.87536	0	72.1	4.30831e+06	0	0	3
84	23	0	1.31542359	319799.218	318843.435	316988.265	320639.067	3096.37451	2479.87536	0	80	4.26572e+06	0	0	3
85	24	0	1.3310834	319225.129	318913.337	317066.963	320639.067	2764.97642	2479.87536	0	89.6	4.29087e+06	0	0	3
86	24	0	1.3467432	319543.242	318989.48	317066.963	320639.067	2438.73444	2479.87536	0	100	4.24778e+06	0	0	3
