Iteration	CPUTime	PhysTime	Travels	Value	AvValue	MinValue	MaxValue	Delta	Criteria	Progress	dGMaxMin	CriteriaType	CriteriaVarType	CriteriaPercentage
1	2	0	0.0167476952	-4293444.89	-4293444.89	-4293444.89	-4293444.89	0	0	0	0	9.05252e+06	0	0	3
2	3	0	0.0334953903	-4268432.69	-4280938.79	-4293444.89	-4268432.69	12506.1024	0	0	0	9.49405e+06	0	0	3
3	3	0	0.0502430855	-2620594.22	-3727490.6	-4293444.89	-2620594.22	565954.294	0	0	0	7.12689e+06	0	0	3
4	3	0	0.0669907807	-934312.826	-3029196.16	-4293444.89	-934312.826	1264248.74	0	0	0	5.3146e+06	0	0	3
5	4	0	0.0837384759	208261.165	-2381704.69	-4293444.89	208261.165	1911740.2	0	0	0	4.10886e+06	0	0	3
6	4	0	0.100486171	532457.557	-1896010.98	-4293444.89	532457.557	2397433.91	0	0	0	3.73612e+06	0	0	3
7	4	0	0.117233866	573255.827	-1543258.58	-4293444.89	573255.827	2750186.31	0	0	0	3.47971e+06	0	0	3
8	4	0	0.133981561	523616.699	-1284899.17	-4293444.89	573255.827	3008545.72	0	0	0	3.39764e+06	0	0	3
9	5	0	0.150729257	425925.614	-1094807.53	-4293444.89	573255.827	3198637.36	0	0	0	3.40765e+06	0	0	3
10	5	0	0.167476952	299703.993	-955356.378	-4293444.89	573255.827	3338088.52	0	0	0	3.33951e+06	0	0	3
11	5	0	0.184224647	246364.345	-846109.039	-4293444.89	573255.827	3447335.86	0	0	0	3.31918e+06	0	0	3
12	5	0	0.200972342	210346.442	-758071.082	-4293444.89	573255.827	3535373.81	0	0	0	3.25087e+06	0	0	3
13	6	0	0.217720037	199846.784	-684385.093	-4293444.89	573255.827	3609059.8	0	0	0	3.20361e+06	0	0	3
14	6	0	0.234467732	205236.216	-620840.713	-4293444.89	573255.827	3672604.18	0	0	0	3.20787e+06	0	0	3
15	6	0	0.251215428	220982.084	-564719.194	-4293444.89	573255.827	3728725.7	0	0	0	3.2169e+06	0	0	3
16	6	0	0.267963123	235912.999	-514679.682	-4293444.89	573255.827	3778765.21	0	0	0	3.21242e+06	0	0	3
17	7	0	0.284710818	249864.611	-469706.488	-4293444.89	573255.827	3823738.41	0	0	0	3.20345e+06	0	0	3
18	7	0	0.301458513	258770.883	-429235.523	-4293444.89	573255.827	3864209.37	0	0	0	3.20259e+06	0	0	3
19	7	0	0.318206208	261031.019	-392905.705	-4293444.89	573255.827	3900539.19	0	0	0	3.19436e+06	0	0	3
20	7	0	0.334953903	260852.619	-360217.789	-4293444.89	573255.827	3933227.11	0	0	0	3.18781e+06	0	0	3
21	8	0	0.351701599	254150.999	-330962.132	-4293444.89	573255.827	3962482.76	0	0	0	3.18158e+06	0	0	3
22	8	0	0.368449294	249468.709	-304578.912	-4293444.89	573255.827	3988865.98	0	0	0	3.18136e+06	0	0	3
23	8	0	0.385196989	245553.101	-280660.129	-4293444.89	573255.827	4012784.77	0	0	0	3.17836e+06	0	0	3
24	9	0	0.401944684	245167.027	-258750.664	-4293444.89	573255.827	4034694.23	0	0	0	3.17762e+06	0	0	3
25	9	0	0.418692379	245631.171	-238575.391	-4293444.89	573255.827	4054869.5	0	0	0	3.17436e+06	0	0	3
26	9	0	0.435440074	247595.604	-219876.506	-4293444.89	573255.827	4073568.39	0	0	0	3.17817e+06	0	0	3
27	9	0	0.45218777	252197.59	-202392.28	-4293444.89	573255.827	4091052.61	0	0	0	3.17153e+06	0	0	3
28	10	0	0.468935465	256758.192	-185994.049	-4293444.89	573255.827	4107450.85	0	0	0	3.16592e+06	0	0	3
29	10	0	0.48568316	260954.105	-170582.044	-4293444.89	573255.827	4122862.85	0	0	0	3.16661e+06	0	0	3
30	10	0	0.502430855	264012.969	-156095.544	-4293444.89	573255.827	4137349.35	0	0	0	3.15893e+06	0	0	3
31	10	0	0.51917855	264050.026	-4179.04617	-4268432.69	573255.827	4276759.75	0	0	0	3.16101e+06	0	0	3
32	11	0	0.535926246	262535.116	146853.214	-2620594.22	573255.827	3193850.05	0	0	0	3.14766e+06	0	0	3
33	11	0	0.552673941	261348.325	242917.965	-934312.826	573255.827	1507568.65	0	0	0	3.16012e+06	0	0	3
34	11	0	0.569421636	260238.345	282736.338	199846.784	573255.827	373409.044	0	0	0	3.14265e+06	0	0	3
35	11	0	0.586169331	259972.79	284460.059	199846.784	573255.827	373409.044	0	0	0	3.15327e+06	0	0	3
36	12	0	0.602917026	261227.921	275419.071	199846.784	573255.827	373409.044	0	0	0	3.13483e+06	0	0	3
37	12	0	0.619664721	263071.019	265079.577	199846.784	523616.699	323769.915	0	0	0	3.15795e+06	0	0	3
38	12	0	0.636412417	264267.047	256434.589	199846.784	425925.614	226078.83	0	0	0	3.13009e+06	0	0	3
39	13	0	0.653160112	265887.812	251099.995	199846.784	299703.993	99857.2092	0	0	0	3.15571e+06	0	0	3
40	13	0	0.669907807	267639.205	250031.169	199846.784	267639.205	67792.421	0	0	0	3.12885e+06	0	0	3
41	13	0	0.686655502	268907.337	250782.602	199846.784	268907.337	69060.5536	0	0	0	3.1514e+06	0	0	3
42	13	0	0.703403197	269605.204	252757.894	199846.784	269605.204	69758.4204	0	0	0	3.11698e+06	0	0	3
43	14	0	0.720150892	270161.273	255101.711	205236.216	270161.273	64925.0562	0	0	0	3.15584e+06	0	0	3
44	14	0	0.736898588	270640.471	257281.852	220982.084	270640.471	49658.3871	0	0	0	3.11761e+06	0	0	3
45	14	0	0.753646283	270874.895	258944.946	235912.999	270874.895	34961.896	0	0	0	3.15317e+06	0	0	3
46	15	0	0.770393978	272480.177	260163.852	245167.027	272480.177	27313.1494	0	0	0	3.11627e+06	0	0	3
47	15	0	0.787141673	275090.375	261004.711	245167.027	275090.375	29923.3473	0	0	0	3.15042e+06	0	0	3
48	15	0	0.803889368	276943.462	261610.463	245167.027	276943.462	31776.4345	0	0	0	3.11269e+06	0	0	3
49	15	0	0.820637063	277125.904	262146.96	245167.027	277125.904	31958.8767	0	0	0	3.15319e+06	0	0	3
50	16	0	0.837384759	278248.702	262726.829	245167.027	278248.702	33081.6749	0	0	0	3.11921e+06	0	0	3
51	16	0	0.854132454	280288.917	263598.093	245167.027	280288.917	35121.8893	0	0	0	3.1423e+06	0	0	3
52	16	0	0.870880149	281270.931	264658.167	245167.027	281270.931	36103.9034	0	0	0	3.11953e+06	0	0	3
53	17	0	0.887627844	281073.438	265842.178	245167.027	281270.931	36103.9034	0	0	0	3.1351e+06	0	0	3
54	17	0	0.904375539	280758.338	267028.555	245631.171	281270.931	35639.7592	0	0	0	3.1274e+06	0	0	3
55	17	0	0.921123234	280358.751	268186.141	247595.604	281270.931	33675.3267	0	0	0	3.12703e+06	0	0	3
56	18	0	0.93787093	280865.358	269295.133	252197.59	281270.931	29073.3411	0	0	0	3.12193e+06	0	0	3
57	18	0	0.954618625	281015.802	270255.74	256758.192	281270.931	24512.7389	0	0	0	3.126e+06	0	0	3
58	18	0	0.97136632	280676.451	271053.015	259972.79	281270.931	21298.1409	0	0	0	3.12115e+06	0	0	3
59	18	0	0.988114015	280748.728	271712.836	259972.79	281270.931	21298.1409	0	0	0	3.1286e+06	0	0	3
60	19	0	1.00486171	281695.594	272302.257	259972.79	281695.594	21722.8043	95815.5014	0	100	3.11857e+06	0	0	3
61	19	0	1.02160941	283079.251	272936.565	259972.79	283079.251	23106.461	95815.5014	0	100	3.13018e+06	0	0	3
62	19	0	1.0383571	284160.271	273657.403	259972.79	284160.271	24187.4813	95815.5014	0	100	3.11663e+06	0	0	3
63	20	0	1.0551048	284392.385	274425.538	259972.79	284392.385	24419.5956	95815.5014	0	100	3.13607e+06	0	0	3
64	20	0	1.07185249	284242.444	275225.675	259972.79	284392.385	24419.5956	95815.5014	0	100	3.11198e+06	0	0	3
65	20	0	1.08860019	283984.687	276026.072	261227.921	284392.385	23164.4641	95815.5014	0	100	3.13919e+06	0	0	3
66	21	0	1.10534788	285000.27	276818.483	263071.019	285000.27	21929.2512	95815.5014	0	100	3.11121e+06	0	0	3
67	21	0	1.12209558	286104.708	277586.273	264267.047	286104.708	21837.6603	95815.5014	0	100	3.1399e+06	0	0	3
68	21	0	1.13884327	286702.231	278334.112	265887.812	286702.231	20814.4187	95815.5014	0	100	3.111e+06	0	0	3
69	22	0	1.15559097	287040.219	279039.193	267639.205	287040.219	19401.014	95815.5014	0	100	3.14055e+06	0	0	3
70	22	0	1.17233866	286414.898	279665.049	268907.337	287040.219	18132.8814	95815.5014	0	100	3.11098e+06	0	0	3
71	22	0	1.18908636	285957.827	280233.399	269605.204	287040.219	17435.0146	95815.5014	0	100	3.14298e+06	0	0	3
72	23	0	1.20583405	286167.282	280785.468	270161.273	287040.219	16878.9462	95815.5014	0	100	3.1108e+06	0	0	3
73	23	0	1.22258175	286691.667	281336.481	270640.471	287040.219	16399.7478	95815.5014	0	100	3.14259e+06	0	0	3
74	23	0	1.23932944	286387.415	281861.379	270874.895	287040.219	16165.3236	95815.5014	0	100	3.11083e+06	0	0	3
75	24	0	1.25607714	286265.134	282374.387	272480.177	287040.219	14560.0422	95815.5014	0	100	3.14077e+06	0	0	3
76	24	0	1.27282483	286416.11	282838.918	275090.375	287040.219	11949.8443	95815.5014	0	100	3.11051e+06	0	0	3
77	25	0	1.28957253	285725.86	283193.434	276943.462	287040.219	10096.7571	95815.5014	0	100	3.13971e+06	0	0	3
78	25	0	1.30632022	285358.699	283473.942	277125.904	287040.219	9914.31494	95815.5014	0	100	3.10888e+06	0	0	3
79	25	0	1.32306792	285275.02	283745.58	278248.702	287040.219	8791.51671	95815.5014	0	100	3.13855e+06	0	0	3
80	26	0	1.33981561	285449.447	283985.604	280288.917	287040.219	6751.30231	95815.5014	0	100	3.10507e+06	0	0	3
81	26	0	1.35656331	285287.965	284152.239	280358.751	287040.219	6681.46778	95815.5014	0	100	3.13888e+06	0	0	3
82	26	0	1.373311	284827.008	284270.775	280358.751	287040.219	6681.46778	95815.5014	0	100	3.10593e+06	0	0	3
83	27	0	1.3900587	285009.23	284401.968	280358.751	287040.219	6681.46778	95815.5014	0	100	3.13323e+06	0	0	3
84	27	0	1.40680639	284930.483	284541.04	280358.751	287040.219	6681.46778	95815.5014	0	100	3.11166e+06	0	0	3
85	27	0	1.42355409	284233.893	284670.211	280676.451	287040.219	6363.76777	95815.5014	0	100	3.12757e+06	0	0	3
86	28	0	1.44030178	283206.327	284748.243	280676.451	287040.219	6363.76777	95815.5014	0	100	3.10948e+06	0	0	3
87	28	0	1.45704948	283516.508	284831.6	280676.451	287040.219	6363.76777	95815.5014	0	100	3.12371e+06	0	0	3
88	28	0	1.47379718	284319.673	284953.041	280748.728	287040.219	6291.49131	95815.5014	0	100	3.10433e+06	0	0	3
89	29	0	1.49054487	283478.384	285044.03	281695.594	287040.219	5344.62481	95815.5014	0	100	3.12438e+06	0	0	3
90	29	0	1.50729257	282529.437	285071.824	282529.437	287040.219	4510.78227	95815.5014	0	100	3.1039e+06	0	0	3
91	29	0	1.52404026	281206.304	285009.393	281206.304	287040.219	5833.91471	95815.5014	0	100	3.12722e+06	0	0	3
92	30	0	1.54078796	280945.914	284902.248	280945.914	287040.219	6094.30506	95815.5014	0	100	3.10061e+06	0	0	3
93	30	0	1.55753565	280760.108	284781.172	280760.108	287040.219	6280.11115	95815.5014	0	100	3.13076e+06	0	0	3
94	30	0	1.57428335	280619.546	284660.408	280619.546	287040.219	6420.67308	95815.5014	0	100	3.10206e+06	0	0	3
95	31	0	1.59103104	279526.83	284511.813	279526.83	287040.219	7513.38902	95815.5014	0	100	3.13051e+06	0	0	3
96	31	0	1.60777874	278578.689	284297.76	278578.689	287040.219	7485.55151	95815.5014	0	100	3.10245e+06	0	0	3
97	31	0	1.62452643	278620.252	284048.279	278578.689	287040.219	6737.71205	95815.5014	0	100	3.12786e+06	0	0	3
98	32	0	1.64127413	278671.514	283780.588	278578.689	287040.219	6032.63184	95815.5014	0	100	3.1014e+06	0	0	3
99	32	0	1.65802182	278080.375	283481.927	278080.375	286691.667	5406.77542	95815.5014	0	100	3.12399e+06	0	0	3
100	32	0	1.67476952	276916.008	283165.297	276916.008	286691.667	4838.42578	95815.5014	0	100	3.09699e+06	0	0	3
101	34	0	1.69151721	276672.484	282855.785	276672.484	286691.667	4286.35651	95815.5014	0	100	3.12539e+06	0	0	3
102	34	0	1.70826491	277972.782	282582.635	276672.484	286691.667	3735.34338	95815.5014	0	100	3.09257e+06	0	0	3
103	34	0	1.7250126	278511.338	282309.958	276672.484	286416.11	3210.44526	95815.5014	0	100	3.12846e+06	0	0	3
104	35	0	1.7417603	277901.349	282027.089	276672.484	286416.11	3044.73538	95815.5014	0	100	3.09136e+06	0	0	3
105	35	0	1.75850799	276482.683	281701.007	276482.683	286416.11	3370.8171	95815.5014	0	100	3.13138e+06	0	0	3
106	35	0	1.77525569	275702.353	281343.882	275702.353	285725.86	3727.94236	95815.5014	0	100	3.08964e+06	0	0	3
107	36	0	1.79200338	275838.324	281014.298	275702.353	285449.447	4057.52687	95815.5014	0	100	3.13275e+06	0	0	3
108	36	0	1.80875108	277641.859	280757.07	275702.353	285449.447	4314.75488	95815.5014	0	100	3.09101e+06	0	0	3
109	36	0	1.82549877	278155.822	280519.763	275702.353	285449.447	4552.06146	95815.5014	0	100	3.13447e+06	0	0	3
110	37	0	1.84224647	277080.666	280240.804	275702.353	285287.965	4831.02083	95815.5014	0	100	3.09292e+06	0	0	3
111	37	0	1.85899416	276047.48	279932.787	275702.353	285009.23	5139.03701	95815.5014	0	100	3.13294e+06	0	0	3
112	37	0	1.87574186	275896.272	279635.096	275702.353	285009.23	5436.7282	95815.5014	0	100	3.09271e+06	0	0	3
113	38	0	1.89248955	276067.771	279337.048	275702.353	284930.483	5734.77685	95815.5014	0	100	3.13366e+06	0	0	3
114	38	0	1.90923725	276534.835	279057.193	275702.353	284319.673	6014.63177	95815.5014	0	100	3.09569e+06	0	0	3
115	38	0	1.92598494	276440.282	278797.406	275702.353	284319.673	6274.41881	95815.5014	0	100	3.1324e+06	0	0	3
116	39	0	1.94273264	275825.412	278551.375	275702.353	284319.673	6520.44929	95815.5014	0	100	3.09681e+06	0	0	3
