Iteration	CPUTime	PhysTime	Travels	Value	AvValue	MinValue	MaxValue	Delta	Criteria	Progress	dGMaxMin	CriteriaType	CriteriaVarType	CriteriaPercentage
1	2	0	0.0167476952	31.0690167	31.0690167	31.0690167	31.0690167	0	0	0	0	55.0662	0	0	3
2	3	0	0.0334953903	30.8905255	30.9797711	30.8905255	31.0690167	0.0892455851	0	0	0	53.5144	0	0	3
3	3	0	0.0502430855	30.7487676	30.9027699	30.7487676	31.0690167	0.166246733	0	0	0	52.2688	0	0	3
4	3	0	0.0669907807	30.6270616	30.8338428	30.6270616	31.0690167	0.235173824	0	0	0	51.2092	0	0	3
5	4	0	0.0837384759	30.5173323	30.7705407	30.5173323	31.0690167	0.298475927	0	0	0	50.2029	0	0	3
6	4	0	0.100486171	30.3691066	30.703635	30.3691066	31.0690167	0.365381611	0	0	0	48.8033	0	0	3
7	4	0	0.117233866	30.2393472	30.6373082	30.2393472	31.0690167	0.431708452	0	0	0	47.4348	0	0	3
8	4	0	0.133981561	30.1372986	30.574807	30.1372986	31.0690167	0.494209655	0	0	0	46.3065	0	0	3
9	5	0	0.150729257	30.0588518	30.5174786	30.0588518	31.0690167	0.551538007	0	0	0	45.482	0	0	3
10	5	0	0.167476952	29.9972039	30.4654512	29.9972039	31.0690167	0.603565478	0	0	0	45.1014	0	0	3
11	5	0	0.184224647	29.92881	30.4166656	29.92881	31.0690167	0.652351039	0	0	0	45.371	0	0	3
12	5	0	0.200972342	29.8795719	30.3719078	29.8795719	31.0690167	0.697108847	0	0	0	45.5901	0	0	3
13	6	0	0.217720037	29.8458714	30.3314435	29.8458714	31.0690167	0.737573186	0	0	0	46.1221	0	0	3
14	6	0	0.234467732	29.8232907	30.2951468	29.8232907	31.0690167	0.773869812	0	0	0	46.4104	0	0	3
15	6	0	0.251215428	29.8086976	30.2627169	29.8086976	31.0690167	0.806299762	0	0	0	46.8107	0	0	3
16	6	0	0.267963123	29.8067046	30.2342161	29.8067046	31.0690167	0.834800529	0	0	0	47.1386	0	0	3
17	7	0	0.284710818	29.8176328	30.2097112	29.8067046	31.0690167	0.859305429	0	0	0	47.6427	0	0	3
18	7	0	0.301458513	29.8393512	30.1891357	29.8067046	31.0690167	0.879880987	0	0	0	47.6203	0	0	3
19	7	0	0.318206208	29.8657593	30.1721159	29.8067046	31.0690167	0.896900795	0	0	0	47.9132	0	0	3
20	7	0	0.334953903	29.8945053	30.1582353	29.8067046	31.0690167	0.910781322	0	0	0	47.9488	0	0	3
21	8	0	0.351701599	29.9313646	30.147432	29.8067046	31.0690167	0.92158469	0	0	0	48.1733	0	0	3
22	8	0	0.368449294	29.9646947	30.1391257	29.8067046	31.0690167	0.92989093	0	0	0	48.0306	0	0	3
23	8	0	0.385196989	29.9941411	30.132822	29.8067046	31.0690167	0.93619461	0	0	0	48.1532	0	0	3
24	9	0	0.401944684	30.0196417	30.1281062	29.8067046	31.0690167	0.940910457	0	0	0	47.9709	0	0	3
25	9	0	0.418692379	30.038356	30.1245162	29.8067046	31.0690167	0.944500463	0	0	0	48.0513	0	0	3
26	9	0	0.435440074	30.0556939	30.1218692	29.8067046	31.0690167	0.947147475	0	0	0	47.7492	0	0	3
27	9	0	0.45218777	30.0668741	30.1198323	29.8067046	31.0690167	0.94918433	0	0	0	47.7684	0	0	3
28	10	0	0.468935465	30.0751067	30.118235	29.8067046	31.0690167	0.950781672	0	0	0	47.4919	0	0	3
29	10	0	0.48568316	30.080337	30.1169282	29.8067046	31.0690167	0.952088498	0	0	0	47.5907	0	0	3
30	10	0	0.502430855	30.0846306	30.1158516	29.8067046	31.0690167	0.953165082	0	0	0	47.3471	0	0	3
31	10	0	0.51917855	30.0866714	30.0831067	29.8067046	30.8905255	0.89666434	0	0	0	47.4966	0	0	3
32	11	0	0.535926246	30.0875263	30.0563401	29.8067046	30.7487676	0.84642983	0	0	0	47.2517	0	0	3
33	11	0	0.552673941	30.0865009	30.0342645	29.8067046	30.6270616	0.799578297	0	0	0	47.4726	0	0	3
34	11	0	0.569421636	30.0854992	30.0162125	29.8067046	30.5173323	0.710627683	0	0	0	47.2445	0	0	3
35	11	0	0.586169331	30.0822746	30.0017105	29.8067046	30.3691066	0.562401987	0	0	0	47.5183	0	0	3
36	12	0	0.602917026	30.0797751	29.9920661	29.8067046	30.2393472	0.432642528	0	0	0	47.3024	0	0	3
37	12	0	0.619664721	30.0776381	29.9866758	29.8067046	30.1372986	0.330593944	0	0	0	47.524	0	0	3
38	12	0	0.636412417	30.0732728	29.9845416	29.8067046	30.0875263	0.280821684	0	0	0	47.2921	0	0	3
39	13	0	0.653160112	30.0693788	29.9848925	29.8067046	30.0875263	0.280821684	0	0	0	47.5874	0	0	3
40	13	0	0.669907807	30.0617742	29.9870449	29.8067046	30.0875263	0.280821684	0	0	0	47.3877	0	0	3
41	13	0	0.686655502	30.057877	29.9913471	29.8067046	30.0875263	0.280821684	0	0	0	47.5476	0	0	3
42	13	0	0.703403197	30.0466685	29.996917	29.8067046	30.0875263	0.280821684	0	0	0	47.3447	0	0	3
43	14	0	0.720150892	30.0410703	30.0034236	29.8067046	30.0875263	0.280821684	0	0	0	47.705	0	0	3
44	14	0	0.736898588	30.0314329	30.0103617	29.8067046	30.0875263	0.278175243	0	0	0	47.4996	0	0	3
45	14	0	0.753646283	30.0288456	30.0177	29.8067046	30.0875263	0.249674477	0	0	0	47.7021	0	0	3
46	15	0	0.770393978	30.0210827	30.0248459	29.8176328	30.0875263	0.225169577	0	0	0	47.4426	0	0	3
47	15	0	0.787141673	30.0176863	30.0315144	29.8393512	30.0875263	0.204594018	0	0	0	47.7424	0	0	3
48	15	0	0.803889368	30.0116091	30.0372563	29.8657593	30.0875263	0.18757421	0	0	0	47.5042	0	0	3
49	15	0	0.820637063	30.0059522	30.0419294	29.8945053	30.0875263	0.173693683	0	0	0	47.7768	0	0	3
50	16	0	0.837384759	30.0014818	30.0454953	29.9313646	30.0875263	0.156161699	0	0	0	47.5471	0	0	3
51	16	0	0.854132454	30.0028351	30.0478776	29.9646947	30.0875263	0.122831643	0	0	0	47.799	0	0	3
52	16	0	0.870880149	30.0032261	30.049162	29.9941411	30.0875263	0.0933852245	0	0	0	47.5972	0	0	3
53	17	0	0.887627844	30.0029941	30.0494571	30.0014818	30.0875263	0.0860445594	0	0	0	47.9217	0	0	3
54	17	0	0.904375539	30.0066092	30.0490227	30.0014818	30.0875263	0.0860445594	0	0	0	47.695	0	0	3
55	17	0	0.921123234	29.9973541	30.047656	29.9973541	30.0875263	0.0901722321	0	0	0	47.9455	0	0	3
56	18	0	0.93787093	29.9985412	30.0457509	29.9973541	30.0875263	0.0901722321	0	0	0	47.7116	0	0	3
57	18	0	0.954618625	29.9924653	30.0432706	29.9924653	30.0875263	0.0950610077	0	0	0	47.9645	0	0	3
58	18	0	0.97136632	29.9995184	30.040751	29.9924653	30.0875263	0.0950610077	0	0	0	47.7636	0	0	3
59	18	0	0.988114015	29.9972247	30.0379806	29.9924653	30.0875263	0.0950610077	0	0	0	48.0442	0	0	3
60	19	0	1.00486171	30.0018072	30.0352198	29.9924653	30.0875263	0.0950610077	0.0282618897	0	29.7	47.8203	0	0	3
61	19	0	1.02160941	29.9959202	30.0321947	29.9924653	30.0875263	0.0717984421	0.0282618897	0	39.3	48.1667	0	0	3
62	19	0	1.0383571	29.9957239	30.0291347	29.9924653	30.0865009	0.0649154537	0.0282618897	0	43.5	48.0217	0	0	3
63	20	0	1.0551048	29.9856457	30.0257728	29.9856457	30.0854992	0.0649154537	0.0282618897	0	43.5	48.3293	0	0	3
64	20	0	1.07185249	29.9792319	30.0222306	29.9792319	30.0822746	0.0649154537	0.0282618897	0	43.5	48.1365	0	0	3
65	20	0	1.08860019	29.9804688	30.018837	29.9792319	30.0797751	0.0649154537	0.0282618897	0	43.5	48.3538	0	0	3
66	21	0	1.10534788	29.9821939	30.0155843	29.9792319	30.0776381	0.0649154537	0.0282618897	0	43.5	48.161	0	0	3
67	21	0	1.12209558	29.9889173	30.012627	29.9792319	30.0732728	0.0649154537	0.0282618897	0	43.5	48.4174	0	0	3
68	21	0	1.13884327	29.9942617	30.0099933	29.9792319	30.0693788	0.0645645542	0.0282618897	0	43.7	48.2066	0	0	3
69	22	0	1.15559097	30.0033892	30.0077936	29.9792319	30.0617742	0.0624122133	0.0282618897	0	45.2	48.4629	0	0	3
70	22	0	1.17233866	30.0082864	30.0060107	29.9792319	30.057877	0.05810998	0.0282618897	0	48.6	48.2527	0	0	3
71	22	0	1.18908636	30.0119793	30.0044808	29.9792319	30.0466685	0.0525400942	0.0282618897	0	53.7	48.5266	0	0	3
72	23	0	1.20583405	30.0101157	30.0032624	29.9792319	30.0410703	0.0461947468	0.0282618897	0	61.1	48.3057	0	0	3
73	23	0	1.22258175	30.0110784	30.0022626	29.9792319	30.0314329	0.047194479	0.0282618897	0	59.8	48.5351	0	0	3
74	23	0	1.23932944	30.0082676	30.0014904	29.9792319	30.0288456	0.0479666558	0.0282618897	0	58.9	48.3298	0	0	3
75	24	0	1.25607714	30.0079285	30.0007932	29.9792319	30.0210827	0.0418507876	0.0282618897	0	67.5	48.5941	0	0	3
76	24	0	1.27282483	30.0036138	30.0002109	29.9792319	30.0176863	0.0384543798	0.0282618897	0	73.4	48.3722	0	0	3
77	25	0	1.28957253	30.0013782	29.9996673	29.9792319	30.0119793	0.0327473954	0.0282618897	0	86.3	48.629	0	0	3
78	25	0	1.30632022	29.9963395	29.9991583	29.9792319	30.0119793	0.0327473954	0.0282618897	0	86.3	48.4258	0	0	3
79	25	0	1.32306792	29.9960741	29.998829	29.9792319	30.0119793	0.0327473954	0.0282618897	0	86.3	48.6842	0	0	3
80	26	0	1.33981561	29.9948028	29.9986064	29.9792319	30.0119793	0.0327473954	0.0282618897	0	86.3	48.4537	0	0	3
81	26	0	1.35656331	29.9973166	29.9984225	29.9792319	30.0119793	0.0327473954	0.0282618897	0	86.3	48.7003	0	0	3
82	26	0	1.373311	29.9979863	29.9982478	29.9792319	30.0119793	0.0327473954	0.0282618897	0	86.3	48.4887	0	0	3
83	27	0	1.3900587	29.999636	29.9981359	29.9792319	30.0119793	0.0327473954	0.0282618897	0	86.3	48.7436	0	0	3
84	27	0	1.40680639	30.0026282	29.9980032	29.9792319	30.0119793	0.0327473954	0.0282618897	0	86.3	48.5233	0	0	3
85	27	0	1.42355409	29.9942873	29.9979009	29.9792319	30.0119793	0.0327473954	0.0282618897	0	86.3	48.7575	0	0	3
86	28	0	1.44030178	29.9931818	29.9977223	29.9792319	30.0119793	0.0327473954	0.0282618897	0	86.3	48.5619	0	0	3
87	28	0	1.45704948	29.9860974	29.99751	29.9792319	30.0119793	0.0327473954	0.0282618897	0	86.3	48.7604	0	0	3
88	28	0	1.47379718	29.9843278	29.9970037	29.9792319	30.0119793	0.0327473954	0.0282618897	0	86.3	48.5377	0	0	3
89	29	0	1.49054487	29.977535	29.9963474	29.977535	30.0119793	0.0344443509	0.0282618897	0	82	48.7676	0	0	3
90	29	0	1.50729257	29.9775987	29.9955404	29.977535	30.0119793	0.0344443509	0.0282618897	0	82	48.576	0	0	3
91	29	0	1.52404026	29.9796192	29.994997	29.977535	30.0119793	0.0341376219	0.0282618897	0	82.7	48.8041	0	0	3
92	30	0	1.54078796	29.9785965	29.9944261	29.977535	30.0119793	0.0313466952	0.0282618897	0	90.1	48.6074	0	0	3
93	30	0	1.55753565	29.9855456	29.9944228	29.977535	30.0119793	0.0278077877	0.0282618897	0	100	48.8101	0	0	3
94	30	0	1.57428335	29.9865952	29.9946682	29.977535	30.0119793	0.024414262	0.0282618897	0	100	48.6135	0	0	3
95	31	0	1.59103104	29.9896408	29.994974	29.977535	30.0119793	0.0211615571	0.0282618897	0	100	48.8471	0	0	3
96	31	0	1.60777874	29.9871854	29.9951403	29.977535	30.0119793	0.0182041996	0.0282618897	0	100	48.6803	0	0	3
97	31	0	1.62452643	29.9841525	29.9949815	29.977535	30.0119793	0.0155704984	0.0282618897	0	100	48.8321	0	0	3
98	32	0	1.64127413	29.9809518	29.9945378	29.977535	30.0119793	0.0133708457	0.0282618897	0	100	48.6245	0	0	3
99	32	0	1.65802182	29.9795216	29.9937423	29.977535	30.0119793	0.0122684483	0.0282618897	0	100	48.8256	0	0	3
100	32	0	1.67476952	29.9781421	29.9927374	29.977535	30.0119793	0.0117433356	0.0282618897	0	100	48.6809	0	0	3
101	34	0	1.69151721	29.9803951	29.9916846	29.977535	30.0110784	0.0115777159	0.0282618897	0	100	48.8003	0	0	3
102	34	0	1.70826491	29.9825552	29.990766	29.977535	30.0110784	0.0114966669	0.0282618897	0	100	48.6354	0	0	3
103	34	0	1.7250126	29.9891898	29.9900363	29.977535	30.0082676	0.0114541103	0.0282618897	0	100	48.766	0	0	3
104	35	0	1.7417603	29.9913928	29.9894738	29.977535	30.0079285	0.011319369	0.0282618897	0	100	48.6762	0	0	3
105	35	0	1.75850799	29.9957051	29.9890664	29.977535	30.0036138	0.0111445191	0.0282618897	0	100	48.7784	0	0	3
106	35	0	1.77525569	29.9947869	29.9887722	29.977535	30.0026282	0.0108951437	0.0282618897	0	100	48.677	0	0	3
107	36	0	1.79200338	29.998249	29.9886679	29.977535	30.0026282	0.0104904608	0.0282618897	0	100	48.729	0	0	3
108	36	0	1.80875108	29.9971988	29.9886965	29.977535	30.0026282	0.0101611902	0.0282618897	0	100	48.6557	0	0	3
109	36	0	1.82549877	30.0008506	29.9888557	29.977535	30.0026282	0.00993855774	0.0282618897	0	100	48.7357	0	0	3
110	37	0	1.84224647	29.9992622	29.9890044	29.977535	30.0026282	0.00975460792	0.0282618897	0	100	48.6698	0	0	3
111	37	0	1.85899416	30.0023906	29.9891735	29.977535	30.0026282	0.00957994767	0.0282618897	0	100	48.739	0	0	3
112	37	0	1.87574186	30.0010667	29.9892762	29.977535	30.0026282	0.00946801105	0.0282618897	0	100	48.5692	0	0	3
113	38	0	1.89248955	30.0045402	29.9894397	29.977535	30.0045402	0.00933531098	0.0282618897	0	100	48.7431	0	0	3
114	38	0	1.90923725	30.0041136	29.9894892	29.977535	30.0045402	0.00923308487	0.0282618897	0	100	48.5168	0	0	3
115	38	0	1.92598494	30.0072405	29.9899209	29.977535	30.0072405	0.00905443693	0.0282618897	0	100	48.7614	0	0	3
116	39	0	1.94273264	30.0052372	29.9903228	29.977535	30.0072405	0.00884217323	0.0282618897	0	100	48.5284	0	0	3
