Iteration	CPUTime	PhysTime	Travels	Value	AvValue	MinValue	MaxValue	Delta	Criteria	Progress	dGMaxMin	CriteriaType	CriteriaVarType	CriteriaPercentage
1	3	0	0.0163689838	375632.209	375632.209	375632.209	375632.209	0	0	0	0	6.34372e+06	0	0	3
2	3	0	0.0327379676	515525.212	445578.711	375632.209	515525.212	69946.5016	0	0	0	5.40184e+06	0	0	3
3	4	0	0.0491069514	638173.113	509776.845	375632.209	638173.113	134144.636	0	0	0	5.61739e+06	0	0	3
4	4	0	0.0654759352	692514.834	555461.342	375632.209	692514.834	179829.133	0	0	0	5.59439e+06	0	0	3
5	4	0	0.081844919	694259.202	583220.914	375632.209	694259.202	207588.705	0	0	0	5.43984e+06	0	0	3
6	5	0	0.0982139029	684554.496	600109.844	375632.209	694259.202	224477.635	0	0	0	5.19401e+06	0	0	3
7	5	0	0.114582887	677144.802	611114.838	375632.209	694259.202	235482.629	0	0	0	4.95987e+06	0	0	3
8	5	0	0.13095187	677106.906	619363.847	375632.209	694259.202	243731.638	0	0	0	4.46255e+06	0	0	3
9	6	0	0.147320854	677176.932	625787.523	375632.209	694259.202	250155.314	0	0	0	4.08857e+06	0	0	3
10	6	0	0.163689838	679536.01	631162.372	375632.209	694259.202	255530.163	0	0	0	3.85333e+06	0	0	3
11	6	0	0.180058822	678938.113	635505.621	375632.209	694259.202	259873.412	0	0	0	3.78818e+06	0	0	3
12	7	0	0.196427806	680150.67	639226.042	375632.209	694259.202	263593.833	0	0	0	3.48596e+06	0	0	3
13	7	0	0.21279679	679913.221	642355.825	375632.209	694259.202	266723.616	0	0	0	3.26865e+06	0	0	3
14	7	0	0.229165773	680260.671	645063.314	375632.209	694259.202	269431.105	0	0	0	3.10931e+06	0	0	3
15	7	0	0.245534757	679585.505	647364.793	375632.209	694259.202	271732.584	0	0	0	3.01626e+06	0	0	3
16	8	0	0.261903741	680291.948	649422.74	375632.209	694259.202	273790.531	0	0	0	2.96056e+06	0	0	3
17	8	0	0.278272725	680163.867	651231.042	375632.209	694259.202	275598.833	0	0	0	2.91854e+06	0	0	3
18	8	0	0.294641709	680685.418	652867.396	375632.209	694259.202	277235.187	0	0	0	2.88e+06	0	0	3
19	9	0	0.311010692	680515.907	654322.581	375632.209	694259.202	278690.372	0	0	0	2.84507e+06	0	0	3
20	9	0	0.327379676	680613.553	655637.129	375632.209	694259.202	280004.92	0	0	0	2.81143e+06	0	0	3
21	9	0	0.34374866	680318.815	656812.448	375632.209	694259.202	281180.239	0	0	0	2.79087e+06	0	0	3
22	10	0	0.360117644	680552.415	657891.537	375632.209	694259.202	282259.328	0	0	0	2.77704e+06	0	0	3
23	10	0	0.376486628	680244.464	658863.404	375632.209	694259.202	283231.195	0	0	0	2.76854e+06	0	0	3
24	10	0	0.392855611	680341.352	659758.318	375632.209	694259.202	284126.109	0	0	0	2.76118e+06	0	0	3
25	10	0	0.409224595	680110.997	660572.425	375632.209	694259.202	284940.216	0	0	0	2.7547e+06	0	0	3
26	11	0	0.425593579	680128.157	661324.569	375632.209	694259.202	285692.36	0	0	0	2.75744e+06	0	0	3
27	11	0	0.441962563	679973.017	662015.252	375632.209	694259.202	286383.043	0	0	0	2.75792e+06	0	0	3
28	11	0	0.458331547	679827.897	662651.418	375632.209	694259.202	287019.209	0	0	0	2.7575e+06	0	0	3
29	12	0	0.47470053	679589.982	663235.506	375632.209	694259.202	287603.297	0	0	0	2.7541e+06	0	0	3
30	12	0	0.491069514	679407.668	663774.578	375632.209	694259.202	288142.369	0	0	0	2.74975e+06	0	0	3
31	12	0	0.507438498	679323.16	664276.146	375632.209	694259.202	288643.937	0	0	0	2.7448e+06	0	0	3
32	13	0	0.523807482	679158.988	674067.332	515525.212	694259.202	178733.99	0	0	0	2.73924e+06	0	0	3
33	13	0	0.540176466	679132.284	679344.979	638173.113	694259.202	56086.0895	0	0	0	2.73629e+06	0	0	3
34	13	0	0.55654545	678922.411	680659.473	677106.906	694259.202	17152.2965	0	0	0	2.73317e+06	0	0	3
35	14	0	0.572914433	678828.97	680217.993	677106.906	694259.202	17152.2965	0	0	0	2.72819e+06	0	0	3
36	14	0	0.589283417	678729.786	679717.045	677106.906	684554.496	7447.59041	0	0	0	2.72759e+06	0	0	3
37	14	0	0.605652401	678699.886	679528.186	677106.906	680685.418	3578.5121	0	0	0	2.72524e+06	0	0	3
38	15	0	0.622021385	678570.459	679574.175	677106.906	680685.418	3578.5121	0	0	0	2.72389e+06	0	0	3
39	15	0	0.638390369	678533.977	679620.21	677176.932	680685.418	3508.48582	0	0	0	2.71644e+06	0	0	3
40	15	0	0.654759352	678400.124	679659.667	678400.124	680685.418	2285.29338	0	0	0	2.71851e+06	0	0	3
41	16	0	0.671128336	678413.773	679623.466	678400.124	680685.418	2285.29338	0	0	0	2.71824e+06	0	0	3
42	16	0	0.68749732	678354.775	679604.649	678354.775	680685.418	2330.64243	0	0	0	2.71122e+06	0	0	3
43	16	0	0.703866304	678348.098	679546.501	678348.098	680685.418	2337.31952	0	0	0	2.71348e+06	0	0	3
44	16	0	0.720235288	678270.757	679493.519	678270.757	680685.418	2414.66106	0	0	0	2.71662e+06	0	0	3
45	17	0	0.736604271	678260.501	679428.997	678260.501	680685.418	2424.91657	0	0	0	2.71183e+06	0	0	3
46	17	0	0.752973255	678216.036	679384.821	678216.036	680685.418	2469.38151	0	0	0	2.71681e+06	0	0	3
47	17	0	0.769342239	678231.15	679318.343	678216.036	680685.418	2469.38151	0	0	0	2.72156e+06	0	0	3
48	18	0	0.785711223	678160.22	679253.71	678160.22	680685.418	2525.19823	0	0	0	2.72027e+06	0	0	3
49	18	0	0.802080207	678141.435	679171.646	678141.435	680613.553	2472.11813	0	0	0	2.71446e+06	0	0	3
50	18	0	0.81844919	678051.97	679092.164	678051.97	680613.553	2561.58278	0	0	0	2.71606e+06	0	0	3
51	19	0	0.834818174	678042.681	679009.232	678042.681	680552.415	2509.73391	0	0	0	2.71886e+06	0	0	3
52	19	0	0.851187158	677960.668	678933.163	677960.668	680552.415	2591.74659	0	0	0	2.71834e+06	0	0	3
53	19	0	0.867556142	677933.061	678848.668	677933.061	680341.352	2408.29114	0	0	0	2.71784e+06	0	0	3
54	20	0	0.883925126	677849.718	678771.418	677849.718	680341.352	2491.63318	0	0	0	2.7173e+06	0	0	3
55	20	0	0.90029411	677822.489	678690.164	677822.489	680128.157	2305.66874	0	0	0	2.71712e+06	0	0	3
56	20	0	0.916663093	677731.343	678613.401	677731.343	680128.157	2396.81401	0	0	0	2.71857e+06	0	0	3
57	21	0	0.933032077	677696.863	678534.972	677696.863	679973.017	2276.15424	0	0	0	2.71662e+06	0	0	3
58	21	0	0.949401061	677606.29	678458.626	677606.29	679827.897	2221.60725	0	0	0	2.71651e+06	0	0	3
59	21	0	0.965770045	677576.255	678385.993	677576.255	679589.982	2013.72681	0	0	0	2.71689e+06	0	0	3
60	21	0	0.982139029	677485.769	678318.115	677485.769	679407.668	1921.89916	0	0	0	2.71496e+06	0	0	3
61	22	0	0.998508012	677429.914	678254.317	677429.914	679323.16	1893.24566	0	0	0	2.71186e+06	0	0	3
62	22	0	1.014877	677335.08	678190.185	677335.08	679158.988	1823.90841	1682.58269	0	92.2	2.71072e+06	0	0	3
63	22	0	1.03124598	677275.215	678129.418	677275.215	679132.284	1857.06925	1682.58269	0	90.6	2.71213e+06	0	0	3
64	23	0	1.04761496	677177.754	678066.369	677177.754	678922.411	1744.65759	1682.58269	0	96.4	2.70443e+06	0	0	3
65	23	0	1.06398395	677127.094	678008.455	677127.094	678828.97	1701.87538	1682.58269	0	98.8	2.70716e+06	0	0	3
66	24	0	1.08035293	677018.792	677950.062	677018.792	678729.786	1710.99358	1682.58269	0	98.3	2.7095e+06	0	0	3
67	24	0	1.09672192	676968.222	677893.238	676968.222	678699.886	1731.66415	1682.58269	0	97.1	2.71424e+06	0	0	3
68	24	0	1.1130909	676862.888	677833.98	676862.888	678570.459	1707.57104	1682.58269	0	98.5	2.70992e+06	0	0	3
69	25	0	1.12945988	676817.496	677777.433	676817.496	678533.977	1716.48144	1682.58269	0	98	2.71107e+06	0	0	3
70	25	0	1.14582887	676724.322	677719.057	676724.322	678413.773	1689.45113	1682.58269	0	99.5	2.70584e+06	0	0	3
71	25	0	1.16219785	676684.396	677663.71	676684.396	678413.773	1729.37654	1682.58269	0	97.2	2.70874e+06	0	0	3
72	26	0	1.17856683	676589.253	677604.855	676589.253	678354.775	1765.52286	1682.58269	0	95.3	2.70338e+06	0	0	3
73	26	0	1.19493582	676535.708	677546.175	676535.708	678348.098	1812.39055	1682.58269	0	92.8	2.70531e+06	0	0	3
74	26	0	1.2113048	676451.014	677484.979	676451.014	678270.757	1819.74238	1682.58269	0	92.4	2.69991e+06	0	0	3
75	27	0	1.22767379	676410.821	677424.981	676410.821	678260.501	1849.68052	1682.58269	0	90.9	2.69462e+06	0	0	3
76	27	0	1.24404277	676324.274	677362.522	676324.274	678231.15	1906.87563	1682.58269	0	88.2	2.69742e+06	0	0	3
77	28	0	1.26041175	676271.01	677299.779	676271.01	678231.15	1960.14005	1682.58269	0	85.8	2.70019e+06	0	0	3
78	28	0	1.27678074	676187.819	677233.866	676187.819	678160.22	1972.40041	1682.58269	0	85.3	2.70021e+06	0	0	3
79	28	0	1.29314972	676141.55	677168.747	676141.55	678141.435	1999.88478	1682.58269	0	84.1	2.70044e+06	0	0	3
80	29	0	1.3095187	676061.214	677101.643	676061.214	678051.97	1990.52047	1682.58269	0	84.5	2.70149e+06	0	0	3
81	29	0	1.32588769	676021.694	677036.151	676021.694	678042.681	1973.08189	1682.58269	0	85.2	2.6999e+06	0	0	3
82	29	0	1.34225667	675942.171	676968.392	675942.171	677960.668	1964.77105	1682.58269	0	85.6	2.69802e+06	0	0	3
83	30	0	1.35862566	675889.805	676901.59	675889.805	677933.061	1947.07778	1682.58269	0	86.4	2.69609e+06	0	0	3
84	30	0	1.37499464	675808.018	676833.04	675808.018	677849.718	1938.37769	1682.58269	0	86.8	2.69832e+06	0	0	3
85	30	0	1.39136362	675781.813	676766.334	675781.813	677822.489	1923.83066	1682.58269	0	87.4	2.69687e+06	0	0	3
86	31	0	1.40773261	675700.517	676697.883	675700.517	677731.343	1915.51834	1682.58269	0	87.8	2.69536e+06	0	0	3
87	31	0	1.42410159	675666.459	676631.274	675666.459	677696.863	1903.69866	1682.58269	0	88.3	2.69321e+06	0	0	3
88	32	0	1.44047058	675582.391	676563.065	675582.391	677606.29	1895.5614	1682.58269	0	88.7	2.69415e+06	0	0	3
89	32	0	1.45683956	675558.869	676497.019	675558.869	677576.255	1888.97363	1682.58269	0	89	2.69309e+06	0	0	3
90	32	0	1.47320854	675476.195	676429.275	675476.195	677485.769	1888.83967	1682.58269	0	89	2.6886e+06	0	0	3
91	33	0	1.48957753	675443.137	676363.384	675443.137	677429.914	1890.93252	1682.58269	0	88.9	2.69136e+06	0	0	3
92	33	0	1.50594651	675362.077	676296.68	675362.077	677335.08	1893.50534	1682.58269	0	88.8	2.69741e+06	0	0	3
93	33	0	1.52231549	675350.161	676232.65	675350.161	677275.215	1896.76809	1682.58269	0	88.7	2.69631e+06	0	0	3
94	34	0	1.53868448	675262.792	676167.733	675262.792	677177.754	1898.63559	1682.58269	0	88.6	2.69215e+06	0	0	3
95	34	0	1.55505346	675247.738	676105.474	675247.738	677127.094	1879.35656	1682.58269	0	89.5	2.69253e+06	0	0	3
96	35	0	1.57142245	675168.112	676042.282	675168.112	677018.792	1850.67961	1682.58269	0	90.9	2.69093e+06	0	0	3
97	35	0	1.58779143	675160.001	675982.321	675160.001	676968.222	1808.22095	1682.58269	0	93	2.68958e+06	0	0	3
98	35	0	1.60416041	675078.089	675921.348	675078.089	676862.888	1784.79907	1682.58269	0	94.2	2.68797e+06	0	0	3
99	36	0	1.6205294	675063.024	675863.288	675063.024	676817.496	1754.47159	1682.58269	0	95.9	2.68582e+06	0	0	3
100	36	0	1.63689838	674987.768	675804.265	674987.768	676724.322	1736.55389	1682.58269	0	96.8	2.68558e+06	0	0	3
101	37	0	1.65326736	674979.282	675747.973	674979.282	676684.396	1705.1141	1682.58269	0	98.6	2.68381e+06	0	0	3
102	38	0	1.66963635	674893.623	675690.206	674893.623	676589.253	1695.62934	1682.58269	0	99.2	2.68288e+06	0	0	3
103	38	0	1.68600533	674873.184	675634.849	674873.184	676535.708	1662.52357	1682.58269	0	100	2.67648e+06	0	0	3
104	38	0	1.70237432	674792.684	675578.623	674792.684	676451.014	1658.33087	1682.58269	0	100	2.6835e+06	0	0	3
