Iteration	CPUTime	PhysTime	Travels	Value	AvValue	MinValue	MaxValue	Delta	Criteria	Progress	dGMaxMin	CriteriaType	CriteriaVarType	CriteriaPercentage
1	3	0	0.0163689838	0	0	0	0	0	0	0	0	0	0	0	3
2	3	0	0.0327379676	0	0	0	0	0	0	0	0	0	0	0	3
3	4	0	0.0491069514	0	0	0	0	0	0	0	0	0	0	0	3
4	4	0	0.0654759352	0	0	0	0	0	0	0	0	0	0	0	3
5	4	0	0.081844919	0	0	0	0	0	0	0	0	0	0	0	3
6	5	0	0.0982139029	0	0	0	0	0	0	0	0	0	0	0	3
7	5	0	0.114582887	0	0	0	0	0	0	0	0	0	0	0	3
8	5	0	0.13095187	0	0	0	0	0	0	0	0	0	0	0	3
9	6	0	0.147320854	0	0	0	0	0	0	0	0	0	0	0	3
10	6	0	0.163689838	0	0	0	0	0	0	0	0	0	0	0	3
11	6	0	0.180058822	0	0	0	0	0	0	0	0	0	0	0	3
12	7	0	0.196427806	0	0	0	0	0	0	0	0	0	0	0	3
13	7	0	0.21279679	0	0	0	0	0	0	0	0	0	0	0	3
14	7	0	0.229165773	0	0	0	0	0	0	0	0	0	0	0	3
15	7	0	0.245534757	0	0	0	0	0	0	0	0	0	0	0	3
16	8	0	0.261903741	0	0	0	0	0	0	0	0	0	0	0	3
17	8	0	0.278272725	0	0	0	0	0	0	0	0	0	0	0	3
18	8	0	0.294641709	0	0	0	0	0	0	0	0	0	0	0	3
19	9	0	0.311010692	0	0	0	0	0	0	0	0	0	0	0	3
20	9	0	0.327379676	0	0	0	0	0	0	0	0	0	0	0	3
21	9	0	0.34374866	0	0	0	0	0	0	0	0	0	0	0	3
22	10	0	0.360117644	0	0	0	0	0	0	0	0	0	0	0	3
23	10	0	0.376486628	0	0	0	0	0	0	0	0	0	0	0	3
24	10	0	0.392855611	0	0	0	0	0	0	0	0	0	0	0	3
25	10	0	0.409224595	0	0	0	0	0	0	0	0	0	0	0	3
26	11	0	0.425593579	0	0	0	0	0	0	0	0	0	0	0	3
27	11	0	0.441962563	0	0	0	0	0	0	0	0	0	0	0	3
28	11	0	0.458331547	0	0	0	0	0	0	0	0	0	0	0	3
29	12	0	0.47470053	0	0	0	0	0	0	0	0	0	0	0	3
30	12	0	0.491069514	0	0	0	0	0	0	0	0	0	0	0	3
31	12	0	0.507438498	0	0	0	0	0	0	0	0	0	0	0	3
32	13	0	0.523807482	0	0	0	0	0	0	0	0	0	0	0	3
33	13	0	0.540176466	0	0	0	0	0	0	0	0	0	0	0	3
34	13	0	0.55654545	0	0	0	0	0	0	0	0	0	0	0	3
35	14	0	0.572914433	0	0	0	0	0	0	0	0	0	0	0	3
36	14	0	0.589283417	0	0	0	0	0	0	0	0	0	0	0	3
37	14	0	0.605652401	0	0	0	0	0	0	0	0	0	0	0	3
38	15	0	0.622021385	0	0	0	0	0	0	0	0	0	0	0	3
39	15	0	0.638390369	0	0	0	0	0	0	0	0	0	0	0	3
40	15	0	0.654759352	0	0	0	0	0	0	0	0	0	0	0	3
41	16	0	0.671128336	0	0	0	0	0	0	0	0	0	0	0	3
42	16	0	0.68749732	0	0	0	0	0	0	0	0	0	0	0	3
43	16	0	0.703866304	0	0	0	0	0	0	0	0	0	0	0	3
44	16	0	0.720235288	0	0	0	0	0	0	0	0	0	0	0	3
45	17	0	0.736604271	0	0	0	0	0	0	0	0	0	0	0	3
46	17	0	0.752973255	0	0	0	0	0	0	0	0	0	0	0	3
47	17	0	0.769342239	0	0	0	0	0	0	0	0	0	0	0	3
48	18	0	0.785711223	0	0	0	0	0	0	0	0	0	0	0	3
49	18	0	0.802080207	0	0	0	0	0	0	0	0	0	0	0	3
50	18	0	0.81844919	0	0	0	0	0	0	0	0	0	0	0	3
51	19	0	0.834818174	0	0	0	0	0	0	0	0	0	0	0	3
52	19	0	0.851187158	0	0	0	0	0	0	0	0	0	0	0	3
53	19	0	0.867556142	0	0	0	0	0	0	0	0	0	0	0	3
54	20	0	0.883925126	0	0	0	0	0	0	0	0	0	0	0	3
55	20	0	0.90029411	0	0	0	0	0	0	0	0	0	0	0	3
56	20	0	0.916663093	0	0	0	0	0	0	0	0	0	0	0	3
57	21	0	0.933032077	0	0	0	0	0	0	0	0	0	0	0	3
58	21	0	0.949401061	0	0	0	0	0	0	0	0	0	0	0	3
59	21	0	0.965770045	0	0	0	0	0	0	0	0	0	0	0	3
60	21	0	0.982139029	0	0	0	0	0	0	0	0	0	0	0	3
61	22	0	0.998508012	0	0	0	0	0	0	0	0	0	0	0	3
62	22	0	1.014877	0	0	0	0	0	5e-06	0	0	0	0	0	3
63	22	0	1.03124598	0	0	0	0	0	5e-06	0	0	0	0	0	3
64	23	0	1.04761496	0	0	0	0	0	5e-06	0	0	0	0	0	3
65	23	0	1.06398395	0	0	0	0	0	5e-06	0	0	0	0	0	3
66	24	0	1.08035293	0	0	0	0	0	5e-06	0	0	0	0	0	3
67	24	0	1.09672192	0	0	0	0	0	5e-06	0	0	0	0	0	3
68	24	0	1.1130909	0	0	0	0	0	5e-06	0	0	0	0	0	3
69	25	0	1.12945988	0	0	0	0	0	5e-06	0	0	0	0	0	3
70	25	0	1.14582887	0	0	0	0	0	5e-06	0	0	0	0	0	3
71	25	0	1.16219785	0	0	0	0	0	5e-06	0	0	0	0	0	3
72	26	0	1.17856683	0	0	0	0	0	5e-06	0	0	0	0	0	3
73	26	0	1.19493582	0	0	0	0	0	5e-06	0	0	0	0	0	3
74	26	0	1.2113048	0	0	0	0	0	5e-06	0	0	0	0	0	3
75	27	0	1.22767379	0	0	0	0	0	5e-06	0	0	0	0	0	3
76	27	0	1.24404277	0	0	0	0	0	5e-06	0	0	0	0	0	3
77	28	0	1.26041175	0	0	0	0	0	5e-06	0	0	0	0	0	3
78	28	0	1.27678074	0	0	0	0	0	5e-06	0	0	0	0	0	3
79	28	0	1.29314972	0	0	0	0	0	5e-06	0	0	0	0	0	3
80	29	0	1.3095187	0	0	0	0	0	5e-06	0	0	0	0	0	3
81	29	0	1.32588769	0	0	0	0	0	5e-06	0	0	0	0	0	3
82	29	0	1.34225667	0	0	0	0	0	5e-06	0	0	0	0	0	3
83	30	0	1.35862566	0	0	0	0	0	5e-06	0	0	0	0	0	3
84	30	0	1.37499464	0	0	0	0	0	5e-06	0	0	0	0	0	3
85	30	0	1.39136362	0	0	0	0	0	5e-06	0	0	0	0	0	3
86	31	0	1.40773261	0	0	0	0	0	5e-06	0	0	0	0	0	3
87	31	0	1.42410159	0	0	0	0	0	5e-06	0	0	0	0	0	3
88	32	0	1.44047058	0	0	0	0	0	5e-06	0	0	0	0	0	3
89	32	0	1.45683956	0	0	0	0	0	5e-06	0	0	0	0	0	3
90	32	0	1.47320854	0	0	0	0	0	5e-06	0	0	0	0	0	3
91	33	0	1.48957753	0	0	0	0	0	5e-06	0	0	0	0	0	3
92	33	0	1.50594651	0	0	0	0	0	5e-06	0	0	0	0	0	3
93	33	0	1.52231549	0	0	0	0	0	5e-06	0	0	0	0	0	3
94	34	0	1.53868448	0	0	0	0	0	5e-06	0	0	0	0	0	3
95	34	0	1.55505346	0	0	0	0	0	5e-06	0	0	0	0	0	3
96	35	0	1.57142245	0	0	0	0	0	5e-06	0	0	0	0	0	3
97	35	0	1.58779143	0	0	0	0	0	5e-06	0	0	0	0	0	3
98	35	0	1.60416041	0	0	0	0	0	5e-06	0	0	0	0	0	3
99	36	0	1.6205294	0	0	0	0	0	5e-06	0	0	0	0	0	3
100	36	0	1.63689838	0	0	0	0	0	5e-06	0	0	0	0	0	3
101	37	0	1.65326736	0	0	0	0	0	5e-06	0	0	0	0	0	3
102	38	0	1.66963635	0	0	0	0	0	5e-06	0	0	0	0	0	3
103	38	0	1.68600533	0	0	0	0	0	5e-06	0	0	0	0	0	3
104	38	0	1.70237432	0	0	0	0	0	5e-06	0	0	0	0	0	3
