Iteration	CPUTime	PhysTime	Travels	Value	AvValue	MinValue	MaxValue	Delta	Criteria	Progress	dGMaxMin	CriteriaType	CriteriaVarType	CriteriaPercentage
1	1	0	0.016408807	1.5436322e-05	1.5436322e-05	1.5436322e-05	1.5436322e-05	0	0	0	0	0	0	0	3
2	2	0	0.0328176139	1.00601799e-06	8.22116999e-06	1.00601799e-06	1.5436322e-05	7.21515199e-06	0	0	0	0	0	0	3
3	2	0	0.0492264209	-1.06462738e-06	5.1259042e-06	-1.06462738e-06	1.5436322e-05	1.03104178e-05	0	0	0	0	0	0	3
4	2	0	0.0656352279	-5.10689343e-07	3.71675581e-06	-1.06462738e-06	1.5436322e-05	1.17195662e-05	0	0	0	0	0	0	3
5	2	0	0.0820440348	-1.11363365e-07	2.95113198e-06	-1.06462738e-06	1.5436322e-05	1.248519e-05	0	0	0	0	0	0	3
6	2	0	0.0984528418	1.14285376e-07	2.47832421e-06	-1.06462738e-06	1.5436322e-05	1.29579978e-05	0	0	0	0	0	0	3
7	3	0	0.114861649	-2.00246361e-07	2.09567127e-06	-1.06462738e-06	1.5436322e-05	1.33406507e-05	0	0	0	0	0	0	3
8	3	0	0.131270456	7.82960253e-07	1.93158239e-06	-1.06462738e-06	1.5436322e-05	1.35047396e-05	0	0	0	0	0	0	3
9	3	0	0.147679263	4.72589791e-07	1.7694721e-06	-1.06462738e-06	1.5436322e-05	1.36668499e-05	0	0	0	0	0	0	3
10	3	0	0.16408807	8.21708753e-07	1.67469577e-06	-1.06462738e-06	1.5436322e-05	1.37616262e-05	0	0	0	0	0	0	3
11	3	0	0.180496877	4.89925288e-07	1.56698936e-06	-1.06462738e-06	1.5436322e-05	1.38693326e-05	0	0	0	0	0	0	3
12	4	0	0.196905684	5.99007533e-07	1.48632421e-06	-1.06462738e-06	1.5436322e-05	1.39499978e-05	0	0	0	0	0	0	3
13	4	0	0.213314491	8.957232e-07	1.44089336e-06	-1.06462738e-06	1.5436322e-05	1.39954286e-05	0	0	0	0	0	0	3
14	4	0	0.229723298	5.49167959e-07	1.37719869e-06	-1.06462738e-06	1.5436322e-05	1.40591233e-05	0	0	0	0	0	0	3
15	4	0	0.246132104	1.13221903e-06	1.36086671e-06	-1.06462738e-06	1.5436322e-05	1.40754553e-05	0	0	0	0	0	0	3
16	4	0	0.262540911	8.5923082e-07	1.32951447e-06	-1.06462738e-06	1.5436322e-05	1.41068075e-05	0	0	0	0	0	0	3
17	4	0	0.278949718	2.11769508e-06	1.37587804e-06	-1.06462738e-06	1.5436322e-05	1.41068075e-05	0	0	0	0	0	0	3
18	5	0	0.295358525	1.24737104e-06	1.36873876e-06	-1.06462738e-06	1.5436322e-05	1.41068075e-05	0	0	0	0	0	0	3
19	5	0	0.311767332	2.05196019e-06	1.40469778e-06	-1.06462738e-06	1.5436322e-05	1.41068075e-05	0	0	0	0	0	0	3
20	5	0	0.328176139	1.19336745e-06	1.39413126e-06	-1.06462738e-06	1.5436322e-05	1.41068075e-05	0	0	0	0	0	0	3
21	5	0	0.344584946	9.47823977e-07	1.37287854e-06	-1.06462738e-06	1.5436322e-05	1.41068075e-05	0	0	0	0	0	0	3
22	5	0	0.360993753	1.40561077e-06	1.37436636e-06	-1.06462738e-06	1.5436322e-05	1.41068075e-05	0	0	0	0	0	0	3
23	6	0	0.37740256	1.53382742e-06	1.38129945e-06	-1.06462738e-06	1.5436322e-05	1.41068075e-05	0	0	0	0	0	0	3
24	6	0	0.393811367	1.66738544e-06	1.3932197e-06	-1.06462738e-06	1.5436322e-05	1.41068075e-05	0	0	0	0	0	0	3
25	6	0	0.410220174	2.55655834e-06	1.43975325e-06	-1.06462738e-06	1.5436322e-05	1.41068075e-05	0	0	0	0	0	0	3
26	6	0	0.426628981	2.34054485e-06	1.47439908e-06	-1.06462738e-06	1.5436322e-05	1.41068075e-05	0	0	0	0	0	0	3
27	6	0	0.443037788	2.2664659e-06	1.50373489e-06	-1.06462738e-06	1.5436322e-05	1.41068075e-05	0	0	0	0	0	0	3
28	6	0	0.459446595	3.7635098e-06	1.58444113e-06	-1.06462738e-06	1.5436322e-05	1.41068075e-05	0	0	0	0	0	0	3
29	7	0	0.475855402	3.0311683e-06	1.63432828e-06	-1.06462738e-06	1.5436322e-05	1.41068075e-05	0	0	0	0	0	0	3
30	7	0	0.492264209	1.73860729e-06	1.63780425e-06	-1.06462738e-06	1.5436322e-05	1.41068075e-05	0	0	0	0	0	0	3
31	7	0	0.508673016	2.24353839e-06	1.65734406e-06	-1.06462738e-06	1.5436322e-05	1.41068075e-05	0	0	0	0	0	0	3
32	7	0	0.525081823	2.72734896e-06	1.24737718e-06	-1.06462738e-06	3.7635098e-06	4.82813718e-06	0	0	0	0	0	0	3
33	7	0	0.54149063	5.56478618e-06	1.39443422e-06	-1.06462738e-06	5.56478618e-06	3.87852701e-06	0	0	0	0	0	0	3
34	8	0	0.557899437	3.5496779e-06	1.54328278e-06	-5.10689343e-07	5.56478618e-06	2.46937863e-06	0	0	0	0	0	0	3
35	8	0	0.574308244	4.79831564e-06	1.71454101e-06	-2.00246361e-07	5.56478618e-06	1.70375479e-06	0	0	0	0	0	0	3
36	8	0	0.590717051	4.92955429e-06	1.87715125e-06	-2.00246361e-07	5.56478618e-06	1.23094703e-06	0	0	0	0	0	0	3
37	8	0	0.607125858	7.1053103e-06	2.10266819e-06	-2.00246361e-07	7.1053103e-06	8.55291001e-07	0	0	0	0	0	0	3
38	8	0	0.623534665	4.07386999e-06	2.24054291e-06	4.72589791e-07	7.1053103e-06	9.93165722e-07	0	0	0	0	0	0	3
39	9	0	0.639943472	3.99271151e-06	2.34408327e-06	4.72589791e-07	7.1053103e-06	1.09670608e-06	0	0	0	0	0	0	3
40	9	0	0.656352279	7.51788367e-06	2.57135081e-06	4.89925288e-07	7.51788367e-06	1.32397363e-06	0	0	0	0	0	0	3
41	9	0	0.672761086	5.94071481e-06	2.73648004e-06	4.89925288e-07	7.51788367e-06	1.48910286e-06	0	0	0	0	0	0	3
42	9	0	0.689169893	7.68838687e-06	2.96868848e-06	5.49167959e-07	7.68838687e-06	1.7213113e-06	0	0	0	0	0	0	3
43	9	0	0.7055787	6.63113824e-06	3.16327334e-06	5.49167959e-07	7.68838687e-06	1.91589616e-06	0	0	0	0	0	0	3
44	9	0	0.721987506	5.14596652e-06	3.30037796e-06	5.49167959e-07	7.68838687e-06	2.05300078e-06	0	0	0	0	0	0	3
45	10	0	0.738396313	3.65397826e-06	3.40053314e-06	8.5923082e-07	7.68838687e-06	2.15315595e-06	0	0	0	0	0	0	3
46	10	0	0.75480512	1.72924074e-06	3.4197919e-06	8.5923082e-07	7.68838687e-06	2.17241472e-06	0	0	0	0	0	0	3
47	10	0	0.771213927	-5.34257157e-06	3.21973376e-06	-5.34257157e-06	7.68838687e-06	2.17241472e-06	0	0	0	0	0	0	3
48	10	0	0.787622734	-3.18147384e-07	3.1411582e-06	-5.34257157e-06	7.68838687e-06	2.17241472e-06	0	0	0	0	0	0	3
49	10	0	0.804031541	-4.87890342e-07	3.08518202e-06	-5.34257157e-06	7.68838687e-06	2.17241472e-06	0	0	0	0	0	0	3
50	11	0	0.820440348	-1.17471912e-06	2.98109559e-06	-5.34257157e-06	7.68838687e-06	2.17241472e-06	0	0	0	0	0	0	3
51	11	0	0.836849155	-1.44056318e-06	2.89613009e-06	-5.34257157e-06	7.68838687e-06	2.17241472e-06	0	0	0	0	0	0	3
52	11	0	0.853257962	-3.25021201e-06	2.76070957e-06	-5.34257157e-06	7.68838687e-06	2.17241472e-06	0	0	0	0	0	0	3
53	11	0	0.869666769	-5.30609774e-06	2.54420285e-06	-5.34257157e-06	7.68838687e-06	2.17241472e-06	0	0	0	0	0	0	3
54	11	0	0.886075576	-4.86745756e-06	2.33770978e-06	-5.34257157e-06	7.68838687e-06	2.17241472e-06	0	0	0	0	0	0	3
55	12	0	0.902484383	-1.81117415e-06	2.22549818e-06	-5.34257157e-06	7.68838687e-06	2.17241472e-06	0	0	0	0	0	0	3
56	12	0	0.91889319	2.30317576e-06	2.21732455e-06	-5.34257157e-06	7.68838687e-06	2.17241472e-06	0	0	0	0	0	0	3
57	12	0	0.935301997	4.36860563e-06	2.28274587e-06	-5.34257157e-06	7.68838687e-06	2.17241472e-06	0	0	0	0	0	0	3
58	12	0	0.951710804	6.55182297e-06	2.42098319e-06	-5.34257157e-06	7.68838687e-06	2.17241472e-06	0	0	0	0	0	0	3
59	12	0	0.968119611	7.99711893e-06	2.55755123e-06	-5.34257157e-06	7.99711893e-06	2.17241472e-06	0	0	0	0	0	0	3
60	13	0	0.984528418	7.71116155e-06	2.70851875e-06	-5.34257157e-06	7.99711893e-06	2.17241472e-06	0	0	0	0	0	0	3
61	13	0	1.00093722	5.06041468e-06	2.81567383e-06	-5.34257157e-06	7.99711893e-06	2.17241472e-06	0.0106221698	0	0	0	0	0	3
62	13	0	1.01734603	4.72277635e-06	2.89564925e-06	-5.34257157e-06	7.99711893e-06	2.17241472e-06	0.0106245453	0	0	0	0	0	3
63	13	0	1.03375484	-2.09089205e-07	2.80092544e-06	-5.34257157e-06	7.99711893e-06	2.02535768e-06	0.0106258091	0	0	0	0	0	3
64	13	0	1.05016365	-3.39179757e-07	2.61047492e-06	-5.34257157e-06	7.99711893e-06	1.87650912e-06	0.0106268698	0	0	0	0	0	3
65	14	0	1.06657245	-1.68947226e-06	2.44147008e-06	-5.34257157e-06	7.99711893e-06	1.7052509e-06	0.0106260715	0	0	0	0	0	3
66	14	0	1.08298126	-1.07099466e-06	2.25213749e-06	-5.34257157e-06	7.99711893e-06	1.54264065e-06	0.0105719186	0	0	0	0	0	3
67	14	0	1.09939007	-6.54098202e-07	2.07201967e-06	-5.34257157e-06	7.99711893e-06	1.34777224e-06	0.010601294	0	0	0	0	0	3
68	14	0	1.11579887	5.6686911e-06	2.02567711e-06	-5.34257157e-06	7.99711893e-06	1.39411479e-06	0.0106151609	0	0	0	0	0	3
69	15	0	1.13220768	3.8441231e-06	2.01826592e-06	-5.34257157e-06	7.99711893e-06	1.40152598e-06	0.0106189573	0	0	0	0	0	3
70	15	0	1.14861649	7.0817725e-06	2.11791305e-06	-5.34257157e-06	7.99711893e-06	1.40152598e-06	0.0106223132	0	0	0	0	0	3
71	15	0	1.16502529	4.97365635e-06	2.0358412e-06	-5.34257157e-06	7.99711893e-06	1.40152598e-06	0.010622825	0	0	0	0	0	3
72	15	0	1.1814341	2.1851314e-06	1.91469335e-06	-5.34257157e-06	7.99711893e-06	1.50509855e-06	0.010626027	0	0	0	0	0	3
73	15	0	1.19784291	8.69278059e-07	1.6947221e-06	-5.34257157e-06	7.99711893e-06	1.7250698e-06	0.0106257517	0	0	0	0	0	3
74	16	0	1.21425172	6.92256018e-07	1.50314525e-06	-5.34257157e-06	7.99711893e-06	1.91664665e-06	0.0106280259	0	0	0	0	0	3
75	16	0	1.23066052	1.13339794e-06	1.37370755e-06	-5.34257157e-06	7.99711893e-06	2.04608435e-06	0.010626796	0	0	0	0	0	3
76	16	0	1.24706933	8.21710076e-07	1.28234406e-06	-5.34257157e-06	7.99711893e-06	2.13744784e-06	0.0106275987	0	0	0	0	0	3
77	16	0	1.26347814	1.56657405e-06	1.27709675e-06	-5.34257157e-06	7.99711893e-06	1.94263701e-06	0.0106263952	0	0	0	0	0	3
78	16	0	1.27988694	5.31700511e-08	1.45115293e-06	-5.30609774e-06	7.99711893e-06	1.86406144e-06	0.0106274466	0	0	0	0	0	3
79	17	0	1.29629575	-5.51703541e-07	1.44361886e-06	-5.30609774e-06	7.99711893e-06	1.80808527e-06	0.0105632775	0	0	0	0	0	3
80	17	0	1.31270456	-2.53514878e-06	1.37757827e-06	-5.30609774e-06	7.99711893e-06	1.70399884e-06	0.0106040166	0	0	0	0	0	3
81	17	0	1.32911336	2.25618914e-06	1.48825273e-06	-5.30609774e-06	7.99711893e-06	1.61903334e-06	0.0106197107	0	0	0	0	0	3
82	17	0	1.34552217	3.16001865e-06	1.63665859e-06	-5.30609774e-06	7.99711893e-06	1.6185525e-06	0.0105674435	0	0	0	0	0	3
83	18	0	1.36193098	4.72859661e-06	1.89403952e-06	-5.30609774e-06	7.99711893e-06	1.6185525e-06	0.0105931625	0	0	0	0	0	3
84	18	0	1.37833979	5.35280266e-06	2.23787501e-06	-4.86745756e-06	7.99711893e-06	1.6185525e-06	0.0106130726	0	0	0	0	0	3
85	18	0	1.39474859	5.57762475e-06	2.57481315e-06	-2.53514878e-06	7.99711893e-06	1.6185525e-06	0.0106186077	0	0	0	0	0	3
86	18	0	1.4111574	5.07000118e-06	2.79678655e-06	-2.53514878e-06	7.99711893e-06	1.6185525e-06	0.0106232456	0	0	0	0	0	3
87	19	0	1.42756621	2.57578854e-06	2.80558051e-06	-2.53514878e-06	7.99711893e-06	1.6185525e-06	0.0106237194	0	0	0	0	0	3
88	19	0	1.44397501	2.54257614e-06	2.74667633e-06	-2.53514878e-06	7.99711893e-06	1.6185525e-06	0.0106268022	0	0	0	0	0	3
89	19	0	1.46038382	-1.0891553e-06	2.50019316e-06	-2.53514878e-06	7.99711893e-06	1.6185525e-06	0.010625193	0	0	0	0	0	3
90	19	0	1.47679263	-8.82667182e-07	2.21374845e-06	-2.53514878e-06	7.71116155e-06	1.6185525e-06	0.0105687594	0	0	0	0	0	3
91	20	0	1.49320143	-4.96479375e-07	1.94898584e-06	-2.53514878e-06	7.0817725e-06	1.6185525e-06	0.0105992926	0	0	0	0	0	3
92	20	0	1.50961024	6.39793691e-06	1.99213172e-06	-2.53514878e-06	7.0817725e-06	1.6185525e-06	0.0106165011	0	0	0	0	0	3
93	20	0	1.52601905	4.9411272e-06	1.99917529e-06	-2.53514878e-06	7.0817725e-06	1.52848376e-06	0.0106193427	0	0	0	0	0	3
94	20	0	1.54242785	2.86201901e-06	2.0982433e-06	-2.53514878e-06	7.0817725e-06	1.52848376e-06	0.0106185835	0	0	0	0	0	3
95	21	0	1.55883666	2.81944524e-06	2.20013443e-06	-2.53514878e-06	7.0817725e-06	1.52848376e-06	0.0106173906	0	0	0	0	0	3
96	21	0	1.57524547	-1.03437619e-06	2.22126656e-06	-2.53514878e-06	7.0817725e-06	1.52848376e-06	0.0106128153	0	0	0	0	0	3
97	21	0	1.59165428	-2.49065818e-06	2.17547096e-06	-2.53514878e-06	7.0817725e-06	1.52848376e-06	0.0106108085	0	0	0	0	0	3
98	21	0	1.60806308	-3.489484e-06	2.08400691e-06	-3.489484e-06	7.0817725e-06	1.52848376e-06	0.0106071743	0	0	0	0	0	3
99	21	0	1.62447189	-3.42006494e-06	1.79082123e-06	-3.489484e-06	7.0817725e-06	1.52848376e-06	0.0105447892	0	0	0	0	0	3
100	22	0	1.6408807	-3.60715415e-06	1.55045745e-06	-3.60715415e-06	7.0817725e-06	1.52848376e-06	0.0105766095	0	0	0	0	0	3
101	22	0	1.6572895	-6.59091793e-07	1.30075215e-06	-3.60715415e-06	6.39793691e-06	1.52848376e-06	0.0105974563	0	0	0	0	0	3
102	23	0	1.67369831	9.76526029e-07	1.17181246e-06	-3.60715415e-06	6.39793691e-06	1.63376805e-06	0.0105415164	0	0	0	0	0	3
103	23	0	1.69010712	3.38376015e-06	1.2104779e-06	-3.60715415e-06	6.39793691e-06	1.63376805e-06	0.010579497	0	0	0	0	0	3
104	23	0	1.70651592	3.0128499e-06	1.27962538e-06	-3.60715415e-06	6.39793691e-06	1.63376805e-06	0.0105821345	0	0	0	0	0	3
105	23	0	1.72292473	2.90491662e-06	1.35100153e-06	-3.60715415e-06	6.39793691e-06	1.63376805e-06	0.0105788461	0	0	0	0	0	3
106	23	0	1.73933354	-2.69446199e-06	1.22752218e-06	-3.60715415e-06	6.39793691e-06	1.63376805e-06	0.0105786278	0	0	0	0	0	3
107	24	0	1.75574235	-5.62045314e-06	1.01971046e-06	-5.62045314e-06	6.39793691e-06	1.78587005e-06	0.0105765731	0	0	0	0	0	3
108	24	0	1.77215115	-2.97782625e-06	8.73116902e-07	-5.62045314e-06	6.39793691e-06	1.93246361e-06	0.0105740135	0	0	0	0	0	3
109	24	0	1.78855996	-3.49987571e-06	7.58502522e-07	-5.62045314e-06	6.39793691e-06	2.04707799e-06	0.0105714123	0	0	0	0	0	3
110	24	0	1.80496877	-3.69261674e-06	6.57182742e-07	-5.62045314e-06	6.39793691e-06	2.14839777e-06	0.0105691442	0	0	0	0	0	3
111	25	0	1.82137757	-6.2325975e-06	5.37910203e-07	-6.2325975e-06	6.39793691e-06	2.26767031e-06	0.0105647553	0	0	0	0	0	3
112	25	0	1.83778638	-4.16816719e-06	3.30672902e-07	-6.2325975e-06	6.39793691e-06	2.47490761e-06	0.0105014791	0	0	0	0	0	3
113	25	0	1.85419519	-5.73638959e-06	4.36919909e-08	-6.2325975e-06	6.39793691e-06	2.76188852e-06	0.0105423361	0	0	0	0	0	3
114	25	0	1.87060399	-5.26549501e-07	-1.25828851e-07	-6.2325975e-06	6.39793691e-06	2.93140936e-06	0.0105412897	0	0	0	0	0	3
115	25	0	1.8870128	-4.52271961e-07	-3.13089323e-07	-6.2325975e-06	6.39793691e-06	3.11866983e-06	0.0104824341	0	0	0	0	0	3
116	26	0	1.90342161	1.51669932e-07	-4.88120123e-07	-6.2325975e-06	6.39793691e-06	3.29370063e-06	0.0105118275	0	0	0	0	0	3
117	26	0	1.91983041	1.11274687e-06	-6.15773488e-07	-6.2325975e-06	6.39793691e-06	3.421354e-06	0.0105180555	0	0	0	0	0	3
118	26	0	1.93623922	1.04672392e-06	-6.65098154e-07	-6.2325975e-06	6.39793691e-06	3.41177449e-06	0.0104558461	0	0	0	0	0	3
119	26	0	1.95264803	-1.66441198e-07	-7.5248581e-07	-6.2325975e-06	6.39793691e-06	3.25267897e-06	0.0104523861	0	0	0	0	0	3
120	27	0	1.96905684	-3.38301119e-07	-7.28264707e-07	-6.2325975e-06	6.39793691e-06	2.97375237e-06	0.0105063554	0	0	0	0	0	3
121	27	0	1.98546564	-5.07025215e-06	-8.63348093e-07	-6.2325975e-06	6.39793691e-06	3.08461465e-06	0.0104432699	0	0	0	0	0	3
122	27	0	2.00187445	-9.70189042e-07	-8.7862905e-07	-6.2325975e-06	6.39793691e-06	3.09989561e-06	0.0104116966	0	0	0	0	0	3
123	27	0	2.01828326	-2.02907977e-06	-1.1504683e-06	-6.2325975e-06	4.9411272e-06	3.37173486e-06	0.0104451782	0	0	0	0	0	3
124	27	0	2.03469206	1.34483987e-06	-1.26647757e-06	-6.2325975e-06	3.38376015e-06	3.48774413e-06	0.0104544566	0	0	0	0	0	3
125	28	0	2.05110087	2.68150856e-06	-1.27230048e-06	-6.2325975e-06	3.38376015e-06	3.49356705e-06	0.0104487767	0	0	0	0	0	3
126	28	0	2.06750968	-1.84493617e-06	-1.4227644e-06	-6.2325975e-06	3.38376015e-06	3.64403096e-06	0.0104409577	0	0	0	0	0	3
127	28	0	2.08391848	-5.02951582e-06	-1.55163987e-06	-6.2325975e-06	3.38376015e-06	3.72711084e-06	0.0104341227	0	0	0	0	0	3
128	28	0	2.10032729	-4.34956515e-06	-1.61160461e-06	-6.2325975e-06	3.38376015e-06	3.69561152e-06	0.0104281334	0	0	0	0	0	3
129	29	0	2.1167361	-5.2718716e-06	-1.66910099e-06	-6.2325975e-06	3.38376015e-06	3.45992222e-06	0.0104217431	0	0	0	0	0	3
130	29	0	2.13314491	-5.13255685e-06	-1.72434266e-06	-6.2325975e-06	3.38376015e-06	3.27480011e-06	0.0104142077	0	0	0	0	0	3
131	29	0	2.14955371	-7.56383945e-06	-1.85197767e-06	-7.56383945e-06	3.38376015e-06	3.2029792e-06	0.0104126019	0	0	0	0	0	3
132	29	0	2.16596252	-3.75255439e-06	-1.95176679e-06	-7.56383945e-06	3.38376015e-06	3.30276832e-06	0.0104043054	0	0	0	0	0	3
133	29	0	2.18237133	-6.53287963e-06	-2.19400568e-06	-7.56383945e-06	3.38376015e-06	3.54500721e-06	0.0104029797	0	0	0	0	0	3
134	30	0	2.19878013	-6.74822239e-06	-2.52084383e-06	-7.56383945e-06	3.0128499e-06	3.87184535e-06	0.0103399554	0	0	0	0	0	3
135	30	0	2.21518894	-4.67299021e-06	-2.76877415e-06	-7.56383945e-06	2.90491662e-06	4.11977568e-06	0.0103823053	0	0	0	0	0	3
136	30	0	2.23159775	-3.42896085e-06	-2.97309278e-06	-7.56383945e-06	2.68150856e-06	4.20061496e-06	0.0103216635	0	0	0	0	0	3
137	30	0	2.24800655	-1.22955312e-06	-2.92583766e-06	-7.56383945e-06	2.68150856e-06	3.99280324e-06	0.0103581681	0	0	0	0	0	3
138	31	0	2.26441536	-2.31311803e-06	-2.81914943e-06	-7.56383945e-06	2.68150856e-06	3.84620968e-06	0.0103573639	0	0	0	0	0	3
139	31	0	2.28082417	-2.55438806e-06	-2.80549013e-06	-7.56383945e-06	2.68150856e-06	3.7315953e-06	0.0103578876	0	0	0	0	0	3
140	31	0	2.29723298	-3.78036051e-06	-2.81453803e-06	-7.56383945e-06	2.68150856e-06	3.63027552e-06	0.0103524543	0	0	0	0	0	3
141	31	0	2.31364178	-4.28325988e-06	-2.83359103e-06	-7.56383945e-06	2.68150856e-06	3.51100298e-06	0.0103513619	0	0	0	0	0	3
142	31	0	2.33005059	-4.57942348e-06	-2.78026284e-06	-7.56383945e-06	2.68150856e-06	3.30376568e-06	0.0103459199	0	0	0	0	0	3
143	32	0	2.3464594	-3.55403735e-06	-2.7604522e-06	-7.56383945e-06	2.68150856e-06	3.01678477e-06	0.010347042	0	0	0	0	0	3
144	32	0	2.3628682	-3.50964896e-06	-2.68862185e-06	-7.56383945e-06	2.68150856e-06	2.84726393e-06	0.0103413436	0	0	0	0	0	3
145	32	0	2.37927701	-4.01900434e-06	-2.80128169e-06	-7.56383945e-06	2.68150856e-06	2.66000346e-06	0.0103413188	0	0	0	0	0	3
146	32	0	2.39568582	-4.76049198e-06	-2.94025653e-06	-7.56383945e-06	2.68150856e-06	2.48497266e-06	0.0103375756	0	0	0	0	0	3
147	33	0	2.41209462	-3.74710076e-06	-3.06602332e-06	-7.56383945e-06	2.68150856e-06	2.45024984e-06	0.0103383912	0	0	0	0	0	3
148	33	0	2.42850343	-3.59427967e-06	-3.21786289e-06	-7.56383945e-06	2.68150856e-06	2.55276474e-06	0.010332914	0	0	0	0	0	3
149	33	0	2.44491224	-5.90047821e-06	-3.44196618e-06	-7.56383945e-06	2.68150856e-06	2.71370148e-06	0.0103345518	0	0	0	0	0	3
150	33	0	2.46132104	-4.78348323e-06	-3.59090302e-06	-7.56383945e-06	2.68150856e-06	2.86263832e-06	0.0103302019	0	0	0	0	0	3
151	33	0	2.47772985	-4.47600945e-06	-3.72437749e-06	-7.56383945e-06	2.68150856e-06	2.86102939e-06	0.0103218771	0	0	0	0	0	3
152	34	0	2.49413866	-3.78020858e-06	-3.68276318e-06	-7.56383945e-06	2.68150856e-06	2.84574844e-06	0.0103194668	0	0	0	0	0	3
153	34	0	2.51054747	-2.44852297e-06	-3.73045137e-06	-7.56383945e-06	2.68150856e-06	2.57998307e-06	0.0103235153	0	0	0	0	0	3
154	34	0	2.52695627	-4.57853521e-07	-3.67976665e-06	-7.56383945e-06	2.68150856e-06	2.4639738e-06	0.0103168092	0	0	0	0	0	3
155	34	0	2.54336508	9.47112815e-07	-3.69259656e-06	-7.56383945e-06	2.68150856e-06	2.45815088e-06	0.010325242	0	0	0	0	0	3
156	35	0	2.55977389	3.01518296e-06	-3.68183287e-06	-7.56383945e-06	3.01518296e-06	2.30768697e-06	0.010321395	0	0	0	0	0	3
157	35	0	2.57618269	3.1911919e-06	-3.51937712e-06	-7.56383945e-06	3.1911919e-06	2.1788115e-06	0.0103284573	0	0	0	0	0	3
158	35	0	2.5925915	2.68878755e-06	-3.27039959e-06	-7.56383945e-06	3.1911919e-06	2.11884675e-06	0.0103222187	0	0	0	0	0	3
159	35	0	2.60900031	3.38497598e-06	-3.02089827e-06	-7.56383945e-06	3.38497598e-06	2.06135038e-06	0.0103251466	0	0	0	0	0	3
160	35	0	2.62540911	2.49853318e-06	-2.77024005e-06	-7.56383945e-06	3.38497598e-06	2.00610871e-06	0.0103203263	0	0	0	0	0	3
161	36	0	2.64181792	4.94639422e-06	-2.44511259e-06	-7.56383945e-06	4.94639422e-06	1.8784737e-06	0.0103229366	0	0	0	0	0	3
162	36	0	2.65822673	4.92760392e-06	-2.04216281e-06	-6.74822239e-06	4.94639422e-06	1.77868458e-06	0.0103215383	0	0	0	0	0	3
163	36	0	2.67463554	2.63321546e-06	-1.83617023e-06	-6.74822239e-06	4.94639422e-06	1.89428114e-06	0.0103230786	0	0	0	0	0	3
164	36	0	2.69104434	2.34994847e-06	-1.54962739e-06	-6.74822239e-06	4.94639422e-06	2.18082398e-06	0.010320051	0	0	0	0	0	3
165	36	0	2.70745315	3.00398261e-06	-1.23504013e-06	-5.90047821e-06	4.94639422e-06	2.49541124e-06	0.0103244083	0	0	0	0	0	3
166	37	0	2.72386196	1.17090769e-06	-1.0465273e-06	-5.90047821e-06	4.94639422e-06	2.68392407e-06	0.0103193193	0	0	0	0	0	3
