Iteration	CPUTime	PhysTime	Travels	Value	AvValue	MinValue	MaxValue	Delta	Criteria	Progress	dGMaxMin	CriteriaType	CriteriaVarType	CriteriaPercentage
1	1	0	0.016408807	532224.519	532224.519	532224.519	532224.519	0	0	0	0	3.0584e+06	0	0	3
2	2	0	0.0328176139	112210.174	322217.346	112210.174	532224.519	210007.172	0	0	0	3.15695e+06	0	0	3
3	2	0	0.0492264209	23771.6455	222735.446	23771.6455	532224.519	309489.073	0	0	0	2.8199e+06	0	0	3
4	2	0	0.0656352279	-16774.3086	162858.007	-16774.3086	532224.519	369366.511	0	0	0	2.11888e+06	0	0	3
5	2	0	0.0820440348	-18332.3616	126619.934	-18332.3616	532224.519	405604.585	0	0	0	1.35082e+06	0	0	3
6	2	0	0.0984528418	-23909.8483	101531.637	-23909.8483	532224.519	430692.882	0	0	0	1.14562e+06	0	0	3
7	3	0	0.114861649	-22078.787	83873.0046	-23909.8483	532224.519	448351.514	0	0	0	965436	0	0	3
8	3	0	0.131270456	-17659.331	71181.4627	-23909.8483	532224.519	461043.056	0	0	0	766804	0	0	3
9	3	0	0.147679263	-14257.8134	61688.2098	-23909.8483	532224.519	470536.309	0	0	0	700133	0	0	3
10	3	0	0.16408807	-9968.04488	54522.5843	-23909.8483	532224.519	477701.934	0	0	0	665716	0	0	3
11	3	0	0.180496877	-5115.62338	49100.9291	-23909.8483	532224.519	483123.59	0	0	0	651437	0	0	3
12	4	0	0.196905684	-413.826081	44974.6995	-23909.8483	532224.519	487249.819	0	0	0	647715	0	0	3
13	4	0	0.213314491	1958.70189	41665.7766	-23909.8483	532224.519	490558.742	0	0	0	647675	0	0	3
14	4	0	0.229723298	4081.08919	38981.1561	-23909.8483	532224.519	493243.363	0	0	0	644876	0	0	3
15	4	0	0.246132104	5368.18511	36740.2913	-23909.8483	532224.519	495484.227	0	0	0	629991	0	0	3
16	4	0	0.262540911	6040.81579	34821.5741	-23909.8483	532224.519	497402.945	0	0	0	624598	0	0	3
17	4	0	0.278949718	7826.51759	33233.6296	-23909.8483	532224.519	498990.889	0	0	0	609650	0	0	3
18	5	0	0.295358525	8301.10583	31848.4894	-23909.8483	532224.519	500376.029	0	0	0	600932	0	0	3
19	5	0	0.311767332	8598.19124	30624.7895	-23909.8483	532224.519	501599.729	0	0	0	595215	0	0	3
20	5	0	0.328176139	8743.21718	29530.7109	-23909.8483	532224.519	502693.808	0	0	0	593892	0	0	3
21	5	0	0.344584946	9596.37805	28581.4569	-23909.8483	532224.519	503643.062	0	0	0	588631	0	0	3
22	5	0	0.360993753	10238.4649	27747.6846	-23909.8483	532224.519	504476.834	0	0	0	590483	0	0	3
23	6	0	0.37740256	10793.8465	27010.5612	-23909.8483	532224.519	505213.958	0	0	0	587190	0	0	3
24	6	0	0.393811367	10881.0963	26338.5001	-23909.8483	532224.519	505886.019	0	0	0	589919	0	0	3
25	6	0	0.410220174	10909.0709	25721.323	-23909.8483	532224.519	506503.196	0	0	0	586067	0	0	3
26	6	0	0.426628981	11475.5363	25173.4081	-23909.8483	532224.519	507051.111	0	0	0	588345	0	0	3
27	6	0	0.443037788	12320.0103	24697.3563	-23909.8483	532224.519	507527.162	0	0	0	584759	0	0	3
28	6	0	0.459446595	12774.3986	24271.5364	-23909.8483	532224.519	507952.982	0	0	0	585988	0	0	3
29	7	0	0.475855402	12979.2137	23882.146	-23909.8483	532224.519	508342.373	0	0	0	581140	0	0	3
30	7	0	0.492264209	13552.5291	23537.8254	-23909.8483	532224.519	508686.693	0	0	0	580672	0	0	3
31	7	0	0.508673016	14459.8054	23244.9861	-23909.8483	532224.519	508979.533	0	0	0	575968	0	0	3
32	7	0	0.525081823	16530.5769	6609.69761	-23909.8483	112210.174	136120.022	0	0	0	571985	0	0	3
33	7	0	0.54149063	19452.964	3617.52956	-23909.8483	23771.6455	47681.4939	0	0	0	566638	0	0	3
34	8	0	0.557899437	23167.0633	3598.0269	-23909.8483	23167.0633	47076.9116	0	0	0	565303	0	0	3
35	8	0	0.574308244	26193.0522	4984.0708	-23909.8483	26193.0522	50102.9006	0	0	0	562156	0	0	3
36	8	0	0.590717051	29624.1646	6531.05551	-23909.8483	29624.1646	53534.0129	0	0	0	563448	0	0	3
37	8	0	0.607125858	33243.1609	8374.70097	-22078.787	33243.1609	55321.9478	0	0	0	562998	0	0	3
38	8	0	0.623534665	35655.069	10237.0834	-17659.331	35655.069	53314.4	0	0	0	566104	0	0	3
39	9	0	0.639943472	36984.4448	11999.7859	-14257.8134	36984.4448	51242.2582	0	0	0	571905	0	0	3
40	9	0	0.656352279	37692.6562	13675.6075	-9968.04488	37692.6562	47660.7011	0	0	0	578962	0	0	3
41	9	0	0.672761086	38122.212	15226.9061	-5115.62338	38122.212	43237.8354	0	0	0	582820	0	0	3
42	9	0	0.689169893	38723.8167	16641.0816	-413.826081	38723.8167	39137.6428	0	0	0	587601	0	0	3
43	9	0	0.7055787	39153.5879	17917.4498	1958.70189	39153.5879	37194.886	0	0	0	591083	0	0	3
44	9	0	0.721987506	39427.622	19126.1246	4081.08919	39427.622	35346.5328	0	0	0	594767	0	0	3
45	10	0	0.738396313	39490.1402	20268.3521	5368.18511	39490.1402	33142.2644	0	0	0	597419	0	0	3
46	10	0	0.75480512	40020.0124	21386.1529	6040.81579	40020.0124	31223.5472	0	0	0	600257	0	0	3
47	10	0	0.771213927	40068.7191	22483.8272	7826.51759	40068.7191	29635.6027	0	0	0	602490	0	0	3
48	10	0	0.787622734	40366.8828	23533.5164	8301.10583	40366.8828	28250.4625	0	0	0	604793	0	0	3
49	10	0	0.804031541	40536.2557	24573.36	8598.19124	40536.2557	27026.7626	0	0	0	606802	0	0	3
50	11	0	0.820440348	40530.5649	25603.4365	8743.21718	40536.2557	25932.684	0	0	0	608395	0	0	3
51	11	0	0.836849155	40300.603	26621.4167	9596.37805	40536.2557	24983.43	0	0	0	610277	0	0	3
52	11	0	0.853257962	39923.6281	27599.7151	10238.4649	40536.2557	24149.6577	0	0	0	611232	0	0	3
53	11	0	0.869666769	39745.7807	28551.564	10793.8465	40536.2557	24953.5371	0	0	0	612481	0	0	3
54	11	0	0.886075576	40285.3585	29502.9031	10881.0963	40536.2557	25904.8762	0	0	0	613030	0	0	3
55	12	0	0.902484383	41529.2167	30491.5522	10909.0709	41529.2167	26893.5253	0	0	0	614223	0	0	3
56	12	0	0.91889319	42703.1747	31517.1684	11475.5363	42703.1747	27919.1415	0	0	0	615366	0	0	3
57	12	0	0.935301997	44242.2325	32574.1586	12320.0103	44242.2325	28976.1317	0	0	0	616986	0	0	3
58	12	0	0.951710804	45812.8447	33654.5726	12774.3986	45812.8447	30056.5457	0	0	0	618700	0	0	3
59	12	0	0.968119611	47181.7002	34764.4856	12979.2137	47181.7002	31166.4587	0	0	0	620687	0	0	3
60	13	0	0.984528418	47933.7733	35892.052	13552.5291	47933.7733	32294.0251	0	0	0	622864	0	0	3
61	13	0	1.00093722	48264.9037	37011.806	14459.8054	48264.9037	33413.7791	2165.24256	0	0	624846	0	0	3
62	13	0	1.01734603	48297.4879	38103.3442	16530.5769	48297.4879	31766.9109	2166.22009	0	0	639968	0	0	3
63	13	0	1.03375484	48419.6025	39132.0224	19452.964	48419.6025	28966.6385	2168.05181	0	0	646302	0	0	3
64	13	0	1.05016365	48489.393	40068.6814	23167.0633	48489.393	25322.3297	2169.36028	0	0	636506	0	0	3
65	14	0	1.06657245	48561.3141	40887.8508	26193.0522	48561.3141	22368.2618	2170.55393	0	0	629883	0	0	3
66	14	0	1.08298126	48693.2447	41613.6635	29624.1646	48693.2447	19069.0802	2172.0617	0	0	630671	0	0	3
67	14	0	1.09939007	49289.8002	42248.0388	33243.1609	49289.8002	16046.6393	2166.89436	0	0	631077	0	0	3
68	14	0	1.11579887	50021.8109	42789.2856	35655.069	50021.8109	14366.7419	2165.24256	0	0	632683	0	0	3
69	15	0	1.13220768	50596.5654	43271.2693	36984.4448	50596.5654	13612.1206	2165.24256	0	0	633218	0	0	3
70	15	0	1.14861649	50989.2999	43723.0389	37692.6562	50989.2999	13296.6437	2165.24256	0	0	634853	0	0	3
71	15	0	1.16502529	51091.3388	44155.2544	38122.212	51091.3388	12969.1268	2165.24256	0	0	635210	0	0	3
72	15	0	1.1814341	51122.1672	44574.6078	38723.8167	51122.1672	12398.3506	2165.24256	0	0	636756	0	0	3
73	15	0	1.19784291	51128.5743	44974.7613	39153.5879	51128.5743	11974.9864	2165.24256	0	0	636813	0	0	3
74	16	0	1.21425172	51190.5949	45363.0518	39427.622	51190.5949	11762.9729	2165.24256	0	0	638009	0	0	3
75	16	0	1.23066052	51190.0237	45742.4842	39490.1402	51190.5949	11700.4547	2165.24256	0	0	637860	0	0	3
76	16	0	1.24706933	51221.361	46120.9106	39745.7807	51221.361	11475.5803	2165.24256	0	0	639026	0	0	3
77	16	0	1.26347814	51221.5332	46482.25	39745.7807	51221.5332	11475.7525	2165.24256	0	0	638757	0	0	3
78	16	0	1.27988694	51268.8652	46843.545	39745.7807	51268.8652	11523.0845	2165.24256	0	0	639844	0	0	3
79	17	0	1.29629575	51383.3221	47198.9141	39745.7807	51383.3221	11637.5414	2165.24256	0	0	639549	0	0	3
80	17	0	1.31270456	52368.051	47580.5849	39745.7807	52368.051	12622.2703	2165.24256	0	0	640896	0	0	3
81	17	0	1.32911336	53792.2721	48008.3819	39745.7807	53792.2721	14046.4914	2165.24256	0	0	641132	0	0	3
82	17	0	1.34552217	55087.4288	48485.3763	39745.7807	55087.4288	15341.6481	2165.24256	0	0	643135	0	0	3
83	18	0	1.36193098	56296.7806	49013.5425	39745.7807	56296.7806	16550.9999	2165.24256	0	0	643761	0	0	3
84	18	0	1.37833979	57490.4702	49585.9518	40285.3585	57490.4702	17205.1116	2165.24256	0	0	645897	0	0	3
85	18	0	1.39474859	58448.6294	50171.8638	41529.2167	58448.6294	16919.4126	2165.24256	0	0	646673	0	0	3
86	18	0	1.4111574	58926.6421	50733.071	42703.1747	58926.6421	16223.4674	2165.24256	0	0	649043	0	0	3
87	19	0	1.42756621	59208.1992	51265.4912	44242.2325	59208.1992	14965.9667	2165.24256	0	0	649980	0	0	3
88	19	0	1.44397501	59243.1126	51749.3905	45812.8447	59243.1126	13430.268	2165.24256	0	0	652111	0	0	3
89	19	0	1.46038382	59307.5041	52184.7021	47181.7002	59307.5041	12125.8039	2165.24256	0	0	652667	0	0	3
90	19	0	1.47679263	59278.492	52574.9212	47933.7733	59307.5041	11373.7309	2165.24256	0	0	654432	0	0	3
91	20	0	1.49320143	59966.6017	52963.077	48264.9037	59966.6017	11701.698	2165.24256	0	0	654786	0	0	3
92	20	0	1.50961024	60870.0121	53369.6934	48297.4879	60870.0121	12572.5242	2165.24256	0	0	656732	0	0	3
93	20	0	1.52601905	61429.0324	53793.2916	48419.6025	61429.0324	13009.4299	2165.24256	0	0	657426	0	0	3
94	20	0	1.54242785	61661.5179	54220.4502	48489.393	61661.5179	13172.125	2165.24256	0	0	659320	0	0	3
95	21	0	1.55883666	61650.6906	54645.0081	48561.3141	61661.5179	13100.2039	2165.24256	0	0	659825	0	0	3
96	21	0	1.57524547	61509.9827	55062.7071	48693.2447	61661.5179	12968.2732	2165.24256	0	0	661399	0	0	3
97	21	0	1.59165428	61339.9422	55470.6651	49289.8002	61661.5179	12371.7177	2165.24256	0	0	661629	0	0	3
98	21	0	1.60806308	61165.0059	55853.7363	50021.8109	61661.5179	11639.707	2165.24256	0	0	662813	0	0	3
99	21	0	1.62447189	61180.3226	56213.6883	50596.5654	61661.5179	11064.9526	2165.24256	0	0	662841	0	0	3
100	22	0	1.6408807	61877.8962	56577.6022	50989.2999	61877.8962	10888.5963	2165.24256	0	0	664152	0	0	3
101	22	0	1.6572895	63103.6896	56968.3889	51091.3388	63103.6896	12012.3508	2165.24256	0	0	664601	0	0	3
102	23	0	1.67369831	64336.2849	57395.6452	51122.1672	64336.2849	12821.0374	2165.24256	0	0	666802	0	0	3
103	23	0	1.69010712	65454.7309	57857.986	51128.5743	65454.7309	12883.2247	2165.24256	0	0	667760	0	0	3
104	23	0	1.70651592	66131.1344	58341.9396	51190.0237	66131.1344	12978.8877	2165.24256	0	0	670131	0	0	3
105	23	0	1.72292473	66400.0381	58832.5668	51190.0237	66400.0381	13090.0826	2165.24256	0	0	671000	0	0	3
106	23	0	1.73933354	66447.1103	59324.7308	51221.361	66447.1103	13203.8202	2165.24256	0	0	673178	0	0	3
107	24	0	1.75574235	66406.8037	59814.5838	51221.5332	66447.1103	13332.3338	2165.24256	0	0	673789	0	0	3
108	24	0	1.77215115	66230.3731	60298.74	51268.8652	66447.1103	13455.1949	2165.24256	0	0	675623	0	0	3
109	24	0	1.78855996	66025.2667	60774.7529	51383.3221	66447.1103	13575.8389	2165.24256	0	0	675858	0	0	3
110	24	0	1.80496877	65812.6682	61240.2157	52368.051	66447.1103	13659.6308	2165.24256	0	0	677384	0	0	3
111	25	0	1.82137757	65479.0489	61663.1511	53792.2721	66447.1103	12654.8382	2165.24256	0	0	677321	0	0	3
112	25	0	1.83778638	65426.851	62038.4601	55087.4288	66447.1103	11359.6815	2165.24256	0	0	678577	0	0	3
113	25	0	1.85419519	66009.7671	62390.7936	56296.7806	66447.1103	10150.3298	2165.24256	0	0	678322	0	0	3
114	25	0	1.87060399	66586.027	62722.7048	57490.4702	66586.027	9095.55685	2165.24256	0	0	679698	0	0	3
115	25	0	1.8870128	67104.7778	63032.8437	58448.6294	67104.7778	8656.1484	2165.24256	0	0	679852	0	0	3
116	26	0	1.90342161	67932.623	63338.779	58926.6421	67932.623	9005.9809	2165.24256	0	0	681541	0	0	3
117	26	0	1.91983041	68736.5078	63655.2263	59208.1992	68736.5078	9528.30859	2165.24256	0	0	682030	0	0	3
118	26	0	1.93623922	68959.1788	63969.774	59243.1126	68959.1788	9716.06617	2165.24256	0	0	683908	0	0	3
119	26	0	1.95264803	68948.6439	64282.8557	59278.492	68959.1788	9680.6868	2165.24256	0	0	684640	0	0	3
120	27	0	1.96905684	68547.9094	64580.9333	59278.492	68959.1788	9680.6868	2165.24256	0	0	686385	0	0	3
121	27	0	1.98546564	68448.5279	64876.7409	59966.6017	68959.1788	8992.5771	2165.24256	0	0	686645	0	0	3
122	27	0	2.00187445	68947.9009	65166.4602	60870.0121	68959.1788	8089.16669	2165.24256	0	0	688412	0	0	3
123	27	0	2.01828326	70307.5536	65470.897	61165.0059	70307.5536	9142.54763	2165.24256	0	0	689082	0	0	3
124	27	0	2.03469206	71330.7951	65790.3087	61165.0059	71330.7951	10165.7891	2165.24256	0	0	691541	0	0	3
125	28	0	2.05110087	71818.2247	66117.9444	61165.0059	71818.2247	10653.2188	2165.24256	0	0	692516	0	0	3
126	28	0	2.06750968	71820.5208	66446.0035	61165.0059	71820.5208	10655.5149	2165.24256	0	0	694768	0	0	3
127	28	0	2.08391848	71552.8273	66769.9662	61165.0059	71820.5208	10655.5149	2165.24256	0	0	695233	0	0	3
128	28	0	2.10032729	71056.102	67083.3907	61165.0059	71820.5208	10655.5149	2165.24256	0	0	697035	0	0	3
129	29	0	2.1167361	70659.0488	67389.6501	61180.3226	71820.5208	10640.1982	2165.24256	0	0	697151	0	0	3
130	29	0	2.13314491	70302.0609	67683.8998	61877.8962	71820.5208	9942.62456	2165.24256	0	0	698538	0	0	3
131	29	0	2.14955371	69909.1872	67942.9737	63103.6896	71820.5208	8716.83119	2165.24256	0	0	698318	0	0	3
132	29	0	2.16596252	69590.1556	68152.2145	64336.2849	71820.5208	7484.23592	2165.24256	0	0	699476	0	0	3
133	29	0	2.18237133	69315.8454	68312.8455	65426.851	71820.5208	6393.66981	2165.24256	0	0	699053	0	0	3
134	30	0	2.19878013	69372.1512	68439.2139	65426.851	71820.5208	6393.66981	2165.24256	0	0	700185	0	0	3
135	30	0	2.21518894	70101.4889	68567.2898	65426.851	71820.5208	6393.66981	2165.24256	0	0	700159	0	0	3
136	30	0	2.23159775	71020.2516	68716.329	65426.851	71820.5208	6393.66981	2165.24256	0	0	701853	0	0	3
137	30	0	2.24800655	72136.0615	68899.8435	65426.851	72136.0615	6709.21045	2165.24256	0	0	702250	0	0	3
138	31	0	2.26441536	72852.7248	69107.7765	65426.851	72852.7248	7425.87385	2165.24256	0	0	704179	0	0	3
139	31	0	2.28082417	73044.3341	69327.5817	65426.851	73044.3341	7617.48309	2165.24256	0	0	704294	0	0	3
140	31	0	2.29723298	72991.8604	69552.3105	65426.851	73044.3341	7617.48309	2165.24256	0	0	705825	0	0	3
141	31	0	2.31364178	72815.1178	69778.196	65426.851	73044.3341	7617.48309	2165.24256	0	0	705588	0	0	3
142	31	0	2.33005059	72609.0498	70008.196	65426.851	73044.3341	7617.48309	2165.24256	0	0	706793	0	0	3
143	32	0	2.3464594	72361.8116	70231.9044	66009.7671	73044.3341	7034.56701	2165.24256	0	0	706238	0	0	3
144	32	0	2.3628682	72212.2364	70431.9841	66586.027	73044.3341	6458.30709	2165.24256	0	0	707191	0	0	3
145	32	0	2.37927701	71968.1399	70605.6006	67104.7778	73044.3341	5939.55634	2165.24256	0	0	706429	0	0	3
146	32	0	2.39568582	71773.1172	70756.1922	67932.623	73044.3341	5111.71111	2165.24256	0	0	707213	0	0	3
147	33	0	2.41209462	71584.6581	70873.9998	68448.5279	73044.3341	4595.80622	2165.24256	0	0	706351	0	0	3
148	33	0	2.42850343	71417.4304	70960.4812	68448.5279	73044.3341	4595.80622	2165.24256	0	0	707059	0	0	3
149	33	0	2.44491224	71281.7735	71035.4036	68448.5279	73044.3341	4595.80622	2165.24256	0	0	706149	0	0	3
150	33	0	2.46132104	71130.5111	71105.7864	68448.5279	73044.3341	4595.80622	2165.24256	0	0	706799	0	0	3
151	33	0	2.47772985	70963.0646	71183.6946	68448.5279	73044.3341	4595.80622	2165.24256	0	0	705856	0	0	3
152	34	0	2.49413866	70841.4613	71260.886	68947.9009	73044.3341	4096.43315	2165.24256	0	0	706477	0	0	3
153	34	0	2.51054747	70815.3468	71321.1262	69315.8454	73044.3341	3728.48866	2165.24256	0	0	705574	0	0	3
154	34	0	2.52695627	70840.7423	71338.3258	69315.8454	73044.3341	3728.48866	2165.24256	0	0	706204	0	0	3
155	34	0	2.54336508	71047.7753	71329.1962	69315.8454	73044.3341	3728.48866	2165.24256	0	0	705428	0	0	3
156	35	0	2.55977389	71233.1383	71310.3224	69315.8454	73044.3341	3728.48866	2165.24256	0	0	706201	0	0	3
157	35	0	2.57618269	71408.8335	71297.0422	69315.8454	73044.3341	3728.48866	2165.24256	0	0	705517	0	0	3
158	35	0	2.5925915	71607.0894	71298.7926	69315.8454	73044.3341	3728.48866	2165.24256	0	0	706363	0	0	3
159	35	0	2.60900031	71757.4301	71321.4161	69315.8454	73044.3341	3728.48866	2165.24256	0	0	705740	0	0	3
160	35	0	2.62540911	71782.0792	71357.6429	69315.8454	73044.3341	3673.74308	2165.24256	0	0	706653	0	0	3
161	36	0	2.64181792	71822.6706	71406.6948	69315.8454	73044.3341	3463.72111	2165.24256	0	0	706042	0	0	3
162	36	0	2.65822673	71764.4178	71466.5409	69315.8454	73044.3341	3314.32642	2165.24256	0	0	706915	0	0	3
163	36	0	2.67463554	71731.5822	71535.6192	69315.8454	73044.3341	3222.77371	2165.24256	0	0	706230	0	0	3
164	36	0	2.69104434	71674.9688	71611.72	69372.1512	73044.3341	3172.50606	2165.24256	0	0	707025	0	0	3
165	36	0	2.70745315	71664.569	71685.6689	70101.4889	73044.3341	2942.84518	2165.24256	0	0	706311	0	0	3
166	37	0	2.72386196	71608.8185	71734.2925	70815.3468	73044.3341	2228.98727	2165.24256	0	0	707079	0	0	3
