Iteration	CPUTime	PhysTime	Travels	Value	AvValue	MinValue	MaxValue	Delta	Criteria	Progress	dGMaxMin	CriteriaType	CriteriaVarType	CriteriaPercentage
1	1	0	0.016408807	90.3716369	90.3716369	90.3716369	90.3716369	0	0	0	0	0.0750615	0	0	3
2	2	0	0.0328176139	90.3716699	90.3716534	90.3716369	90.3716699	1.65170542e-05	0	0	0	0.120103	0	0	3
3	2	0	0.0492264209	90.3717177	90.3716748	90.3716369	90.3717177	3.79543162e-05	0	0	0	0.17133	0	0	3
4	2	0	0.0656352279	90.371789	90.3717034	90.3716369	90.371789	6.6506908e-05	0	0	0	0.211367	0	0	3
5	2	0	0.0820440348	90.3718536	90.3717334	90.3716369	90.3718536	9.6547481e-05	0	0	0	0.234681	0	0	3
6	2	0	0.0984528418	90.3719761	90.3717739	90.3716369	90.3719761	0.00013700546	0	0	0	0.254225	0	0	3
7	3	0	0.114861649	90.3721335	90.3718252	90.3716369	90.3721335	0.000188379233	0	0	0	0.271295	0	0	3
8	3	0	0.131270456	90.3722944	90.3718839	90.3716369	90.3722944	0.000247024264	0	0	0	0.289163	0	0	3
9	3	0	0.147679263	90.3724532	90.3719471	90.3716369	90.3724532	0.000310283365	0	0	0	0.298574	0	0	3
10	3	0	0.16408807	90.3726043	90.3720129	90.3716369	90.3726043	0.000376002005	0	0	0	0.305474	0	0	3
11	3	0	0.180496877	90.3728271	90.3720869	90.3716369	90.3728271	0.000450024311	0	0	0	0.315706	0	0	3
12	4	0	0.196905684	90.3716441	90.37205	90.3716369	90.3728271	0.000450024311	0	0	0	0.333662	0	0	3
13	4	0	0.213314491	90.3711529	90.371981	90.3711529	90.3728271	0.000450024311	0	0	0	0.368218	0	0	3
14	4	0	0.229723298	90.3707239	90.3718912	90.3707239	90.3728271	0.000450024311	0	0	0	0.394591	0	0	3
15	4	0	0.246132104	90.3705363	90.3718009	90.3705363	90.3728271	0.000450024311	0	0	0	0.408448	0	0	3
16	4	0	0.262540911	90.3706099	90.3717264	90.3705363	90.3728271	0.000450024311	0	0	0	0.419883	0	0	3
17	4	0	0.278949718	90.3703133	90.3716433	90.3703133	90.3728271	0.000450024311	0	0	0	0.417236	0	0	3
18	5	0	0.295358525	90.3703838	90.3715733	90.3703133	90.3728271	0.000513556533	0	0	0	0.40754	0	0	3
19	5	0	0.311767332	90.370484	90.371516	90.3703133	90.3728271	0.000570891306	0	0	0	0.395118	0	0	3
20	5	0	0.328176139	90.3706142	90.3714709	90.3703133	90.3728271	0.000615980203	0	0	0	0.387607	0	0	3
21	5	0	0.344584946	90.3706061	90.3714297	90.3703133	90.3728271	0.000657163062	0	0	0	0.382132	0	0	3
22	5	0	0.360993753	90.3706589	90.3713947	90.3703133	90.3728271	0.000692199469	0	0	0	0.376309	0	0	3
23	6	0	0.37740256	90.3707378	90.3713661	90.3703133	90.3728271	0.000720760679	0	0	0	0.368085	0	0	3
24	6	0	0.393811367	90.3709591	90.3713492	90.3703133	90.3728271	0.000737720796	0	0	0	0.360881	0	0	3
25	6	0	0.410220174	90.3711985	90.3713431	90.3703133	90.3728271	0.000743747972	0	0	0	0.35326	0	0	3
26	6	0	0.426628981	90.3714046	90.3713455	90.3703133	90.3728271	0.000743747972	0	0	0	0.34657	0	0	3
27	6	0	0.443037788	90.3715294	90.3713523	90.3703133	90.3728271	0.000743747972	0	0	0	0.348288	0	0	3
28	6	0	0.459446595	90.3717766	90.3713675	90.3703133	90.3728271	0.000743747972	0	0	0	0.350102	0	0	3
29	7	0	0.475855402	90.3720967	90.3713926	90.3703133	90.3728271	0.000743747972	0	0	0	0.35155	0	0	3
30	7	0	0.492264209	90.3723056	90.371423	90.3703133	90.3728271	0.000743747972	0	0	0	0.350445	0	0	3
31	7	0	0.508673016	90.3726074	90.3714612	90.3703133	90.3728271	0.000743747972	0	0	0	0.348248	0	0	3
32	7	0	0.525081823	90.3725611	90.3714911	90.3703133	90.3728271	0.000743747972	0	0	0	0.339014	0	0	3
33	7	0	0.54149063	90.3722911	90.3715111	90.3703133	90.3728271	0.000743747972	0	0	0	0.329347	0	0	3
34	8	0	0.557899437	90.3718246	90.3715145	90.3703133	90.3728271	0.000743747972	0	0	0	0.325148	0	0	3
35	8	0	0.574308244	90.3715949	90.3715083	90.3703133	90.3728271	0.000743747972	0	0	0	0.325495	0	0	3
36	8	0	0.590717051	90.3716182	90.3715007	90.3703133	90.3728271	0.000743747972	0	0	0	0.325278	0	0	3
37	8	0	0.607125858	90.3716092	90.3714889	90.3703133	90.3728271	0.000743747972	0	0	0	0.325272	0	0	3
38	8	0	0.623534665	90.371952	90.371483	90.3703133	90.3728271	0.000743747972	0	0	0	0.32709	0	0	3
39	9	0	0.639943472	90.3725709	90.3714919	90.3703133	90.3728271	0.000743747972	0	0	0	0.327082	0	0	3
40	9	0	0.656352279	90.3733106	90.3715196	90.3703133	90.3733106	0.000743747972	0	0	0	0.326068	0	0	3
41	9	0	0.672761086	90.3744253	90.3715783	90.3703133	90.3744253	0.000743747972	0	0	0	0.329561	0	0	3
42	9	0	0.689169893	90.3753376	90.3716593	90.3703133	90.3753376	0.000706849746	0	0	0	0.297356	0	0	3
43	9	0	0.7055787	90.3761711	90.3718053	90.3703133	90.3761711	0.000637841069	0	0	0	0.324029	0	0	3
44	9	0	0.721987506	90.3769085	90.371991	90.3703133	90.3769085	0.00064787454	0	0	0	0.302143	0	0	3
45	10	0	0.738396313	90.377578	90.3722121	90.3703133	90.377578	0.000868975869	0	0	0	0.322117	0	0	3
46	10	0	0.75480512	90.3779661	90.3724518	90.3703133	90.3779661	0.00110864473	0	0	0	0.303996	0	0	3
47	10	0	0.771213927	90.3784326	90.3727041	90.3703133	90.3784326	0.00136099138	0	0	0	0.320315	0	0	3
48	10	0	0.787622734	90.378729	90.3729756	90.3703838	90.378729	0.00163246426	0	0	0	0.305437	0	0	3
49	10	0	0.804031541	90.3789972	90.3732534	90.370484	90.3789972	0.00191031682	0	0	0	0.320796	0	0	3
50	11	0	0.820440348	90.3792602	90.3735365	90.3706061	90.3792602	0.00219342128	0	0	0	0.306563	0	0	3
51	11	0	0.836849155	90.3795399	90.3738245	90.3706061	90.3795399	0.00248134535	0	0	0	0.322767	0	0	3
52	11	0	0.853257962	90.3798086	90.3741213	90.3706589	90.3798086	0.00277820157	0	0	0	0.307997	0	0	3
53	11	0	0.869666769	90.3799708	90.3744217	90.3707378	90.3799708	0.00307858421	0	0	0	0.32316	0	0	3
54	11	0	0.886075576	90.3799044	90.3747174	90.3709591	90.3799708	0.00337428131	0	0	0	0.307446	0	0	3
55	12	0	0.902484383	90.3796493	90.3749977	90.3711985	90.3799708	0.00365460968	0	0	0	0.319208	0	0	3
56	12	0	0.91889319	90.3794374	90.3752635	90.3714046	90.3799708	0.00391801855	0	0	0	0.300439	0	0	3
57	12	0	0.935301997	90.3791513	90.3755134	90.3715294	90.3799708	0.00416110232	0	0	0	0.311342	0	0	3
58	12	0	0.951710804	90.3789045	90.3757513	90.3715949	90.3799708	0.00438385483	0	0	0	0.293382	0	0	3
59	12	0	0.968119611	90.3787542	90.3759764	90.3715949	90.3799708	0.00458379056	0	0	0	0.302968	0	0	3
60	13	0	0.984528418	90.3788099	90.376193	90.3715949	90.3799708	0.00476991229	0	0	0	0.295724	0	0	3
61	13	0	1.00093722	90.3789891	90.3764085	90.3715949	90.3799708	0.0049473029	0.00028972379	0	0	0.297367	0	0	3
62	13	0	1.01734603	90.3792406	90.3766225	90.3715949	90.3799708	0.00513951862	0.00028972379	0	0	0.297513	0	0	3
63	13	0	1.03375484	90.3794409	90.3768444	90.3715949	90.3799708	0.00536144581	0.00028972379	0	0	0.302432	0	0	3
64	13	0	1.05016365	90.379632	90.3770812	90.3715949	90.3799708	0.00559824891	0.00028972379	0	0	0.309198	0	0	3
65	14	0	1.06657245	90.3797966	90.3773384	90.3715949	90.3799708	0.00585540959	0.00028972379	0	0	0.313512	0	0	3
66	14	0	1.08298126	90.379906	90.3776065	90.3716092	90.3799708	0.00612351231	0.00028972379	0	0	0.309951	0	0	3
67	14	0	1.09939007	90.3798696	90.3778727	90.3716092	90.3799708	0.00638968644	0.00028972379	0	0	0.307833	0	0	3
68	14	0	1.11579887	90.3797939	90.3781367	90.371952	90.3799708	0.00665371102	0.00028972379	0	0	0.311601	0	0	3
69	15	0	1.13220768	90.3797689	90.3783889	90.3725709	90.3799708	0.0068969461	0.00028972379	0	0	0.316108	0	0	3
70	15	0	1.14861649	90.3797913	90.3786218	90.3733106	90.3799708	0.00666021324	0.00028972379	0	0	0.317945	0	0	3
71	15	0	1.16502529	90.3798932	90.3788341	90.3744253	90.3799708	0.00554544969	0.00028972379	0	0	0.317954	0	0	3
72	15	0	1.1814341	90.3799997	90.3790139	90.3753376	90.3799997	0.00466210671	0.000289802813	0	0	0.318863	0	0	3
73	15	0	1.19784291	90.380102	90.3791676	90.3761711	90.380102	0.0039308872	0.000290124172	0	0	0.317801	0	0	3
74	16	0	1.21425172	90.3801727	90.3792967	90.3769085	90.3801727	0.00326415185	0.000290559247	0	0	0.314571	0	0	3
75	16	0	1.23066052	90.3802523	90.3794046	90.377578	90.3802523	0.00267428265	0.000291102798	0	0	0.312894	0	0	3
76	16	0	1.24706933	90.3803093	90.3794927	90.3779661	90.3803093	0.00234319462	0.000291687853	0	0	0.309287	0	0	3
77	16	0	1.26347814	90.3803666	90.3795701	90.3784326	90.3803666	0.001933978	0.000292307303	0	0	0.308426	0	0	3
78	16	0	1.27988694	90.3803969	90.3796335	90.378729	90.3803969	0.00166792761	0.000292783021	0	0	0.307836	0	0	3
79	17	0	1.29629575	90.3803956	90.3796872	90.3787542	90.3803969	0.00164268206	0.000293038868	0	0	0.308476	0	0	3
80	17	0	1.31270456	90.3801472	90.3797243	90.3787542	90.3803969	0.00164268206	0.000293075	0	0	0.307344	0	0	3
81	17	0	1.32911336	90.3798172	90.3797423	90.3787542	90.3803969	0.00164268206	0.000293107518	0	0	0.307924	0	0	3
82	17	0	1.34552217	90.3795531	90.3797427	90.3787542	90.3803969	0.00164268206	0.000293061431	0	0	0.305376	0	0	3
83	18	0	1.36193098	90.3793563	90.3797282	90.3787542	90.3803969	0.00164268206	0.000292912001	0	0	0.30546	0	0	3
84	18	0	1.37833979	90.3791971	90.3797032	90.3787542	90.3803969	0.00164268206	0.000292486908	0	0	0.304584	0	0	3
85	18	0	1.39474859	90.3791396	90.3796785	90.3787542	90.3803969	0.00164268206	0.000291797986	0	0	0.305034	0	0	3
86	18	0	1.4111574	90.379233	90.3796651	90.3787542	90.3803969	0.00164268206	0.000290916856	0	0	0.306176	0	0	3
87	19	0	1.42756621	90.3793798	90.3796632	90.3787542	90.3803969	0.00164268206	0.000289959499	0	0	0.306862	0	0	3
88	19	0	1.44397501	90.3795793	90.379677	90.3787542	90.3803969	0.00164268206	0.00028972379	0	0	0.308274	0	0	3
89	19	0	1.46038382	90.3797493	90.3797043	90.3787542	90.3803969	0.00164268206	0.00028972379	0	0	0.309048	0	0	3
90	19	0	1.47679263	90.3799148	90.3797417	90.3788099	90.3803969	0.00158695882	0.00028972379	0	0	0.310475	0	0	3
91	20	0	1.49320143	90.3798572	90.3797755	90.3789891	90.3803969	0.00140780859	0.00028972379	0	0	0.311052	0	0	3
92	20	0	1.50961024	90.379746	90.3797999	90.3791396	90.3803969	0.00125733626	0.00028972379	0	0	0.312335	0	0	3
93	20	0	1.52601905	90.379738	90.379816	90.3791396	90.3803969	0.00125733626	0.00028972379	0	0	0.313142	0	0	3
94	20	0	1.54242785	90.3798159	90.3798281	90.3791396	90.3803969	0.00125733626	0.00028972379	0	0	0.314409	0	0	3
95	21	0	1.55883666	90.3799435	90.3798381	90.3791396	90.3803969	0.00125733626	0.00028972379	0	0	0.315103	0	0	3
96	21	0	1.57524547	90.3800913	90.3798476	90.3791396	90.3803969	0.00125733626	0.00028972379	0	0	0.316085	0	0	3
97	21	0	1.59165428	90.3802255	90.3798579	90.3791396	90.3803969	0.00125733626	0.00028972379	0	0	0.316522	0	0	3
98	21	0	1.60806308	90.3803446	90.3798733	90.3791396	90.3803969	0.00125733626	0.00028972379	0	0	0.317216	0	0	3
99	21	0	1.62447189	90.380377	90.3798921	90.3791396	90.3803969	0.00125733626	0.00028972379	0	0	0.317716	0	0	3
100	22	0	1.6408807	90.3802193	90.3799066	90.3791396	90.3803969	0.00125733626	0.00028972379	0	0	0.318483	0	0	3
101	22	0	1.6572895	90.379933	90.3799112	90.3791396	90.3803969	0.00107704427	0.00028972379	0	0	0.318928	0	0	3
102	23	0	1.67369831	90.3796789	90.3799043	90.3791396	90.3803969	0.000897224128	0.00028972379	0	0	0.320004	0	0	3
103	23	0	1.69010712	90.379487	90.3798877	90.3791396	90.3803969	0.000743536721	0.00028972379	0	0	0.320807	0	0	3
104	23	0	1.70651592	90.3794509	90.3798667	90.3791396	90.3803969	0.000614453233	0.00028972379	0	0	0.321796	0	0	3
105	23	0	1.72292473	90.3795399	90.3798463	90.3791396	90.3803969	0.000506589398	0.00028972379	0	0	0.322416	0	0	3
106	23	0	1.73933354	90.3796878	90.3798281	90.3791396	90.3803969	0.000418483863	0.00028972379	0	0	0.323194	0	0	3
107	24	0	1.75574235	90.3798472	90.3798132	90.3791396	90.3803969	0.000341047031	0.00028972379	0	0	0.323674	0	0	3
108	24	0	1.77215115	90.3800279	90.3798023	90.3791396	90.3803969	0.00027768369	0.00028972379	0	0	0.324307	0	0	3
109	24	0	1.78855996	90.3801969	90.3797958	90.3791396	90.3803956	0.000247930296	0.00028972379	0	0	0.324704	0	0	3
110	24	0	1.80496877	90.3803412	90.3797941	90.3791396	90.380377	0.000247930296	0.00028972379	0	0	0.325264	0	0	3
111	25	0	1.82137757	90.3804961	90.3798053	90.3791396	90.3804961	0.000247930296	0.00028972379	0	0	0.32556	0	0	3
112	25	0	1.83778638	90.380533	90.3798284	90.3791396	90.380533	0.000247930296	0.00028972379	0	0	0.326165	0	0	3
113	25	0	1.85419519	90.3803855	90.3798552	90.3791396	90.380533	0.000247930296	0.00028972379	0	0	0.326462	0	0	3
114	25	0	1.87060399	90.3802533	90.3798842	90.3791396	90.380533	0.000247930296	0.00028972379	0	0	0.326879	0	0	3
115	25	0	1.8870128	90.3801422	90.3799147	90.3791396	90.380533	0.000251429135	0.00028972379	0	0	0.327334	0	0	3
116	26	0	1.90342161	90.3799556	90.379941	90.379233	90.380533	0.000277752844	0.00028972379	0	0	0.327865	0	0	3
117	26	0	1.91983041	90.379808	90.3799595	90.3793798	90.380533	0.000296300819	0.00028972379	0	0	0.328341	0	0	3
118	26	0	1.93623922	90.3798387	90.3799743	90.3794509	90.380533	0.000297300404	0.00028972379	0	0	0.329039	0	0	3
119	26	0	1.95264803	90.3799486	90.3799863	90.3794509	90.380533	0.000281962171	0.00028972379	0	0	0.329521	0	0	3
120	27	0	1.96905684	90.3801492	90.3799992	90.3794509	90.380533	0.000257422792	0.00028972379	0	0	0.329869	0	0	3
121	27	0	1.98546564	90.3802327	90.3800094	90.3794509	90.380533	0.000233894424	0.00028972379	0	0	0.330386	0	0	3
122	27	0	2.00187445	90.3801383	90.3800185	90.3794509	90.380533	0.000224424454	0.00028972379	0	0	0.331366	0	0	3
123	27	0	2.01828326	90.3798271	90.3800211	90.3794509	90.380533	0.000227040479	0.00028972379	0	0	0.332056	0	0	3
124	27	0	2.03469206	90.3796507	90.3800183	90.3794509	90.380533	0.000227040479	0.00028972379	0	0	0.33296	0	0	3
125	28	0	2.05110087	90.3796433	90.3800127	90.3794509	90.380533	0.000227040479	0.00028972379	0	0	0.33355	0	0	3
126	28	0	2.06750968	90.3797717	90.3800072	90.3794509	90.380533	0.000227040479	0.00028972379	0	0	0.334313	0	0	3
127	28	0	2.08391848	90.3799618	90.380003	90.3794509	90.380533	0.000227040479	0.00028972379	0	0	0.334663	0	0	3
128	28	0	2.10032729	90.3801959	90.380002	90.3794509	90.380533	0.000227040479	0.00028972379	0	0	0.334818	0	0	3
129	29	0	2.1167361	90.3803724	90.3800029	90.3794509	90.380533	0.000227040479	0.00028972379	0	0	0.335594	0	0	3
130	29	0	2.13314491	90.3805124	90.3800073	90.3794509	90.380533	0.000227040479	0.00028972379	0	0	0.336164	0	0	3
131	29	0	2.14955371	90.3806419	90.3800209	90.3794509	90.3806419	0.000227040479	0.00028972379	0	0	0.336417	0	0	3
132	29	0	2.16596252	90.3807244	90.3800465	90.3794509	90.3807244	0.000252408618	0.00028972379	0	0	0.336352	0	0	3
133	29	0	2.18237133	90.3807779	90.3800819	90.3794509	90.3807779	0.000287861543	0.00028972379	0	0	0.336854	0	0	3
134	30	0	2.19878013	90.3807112	90.3801214	90.3794509	90.3807779	0.000327350839	0.00028972379	0	0	0.337399	0	0	3
135	30	0	2.21518894	90.380465	90.3801541	90.3795399	90.3807779	0.00036006355	0.00028972379	0	0	0.337652	0	0	3
136	30	0	2.23159775	90.3801836	90.3801749	90.3796433	90.3807779	0.00038082672	0.00028972379	0	0	0.337655	0	0	3
137	30	0	2.24800655	90.3798913	90.3801815	90.3796433	90.3807779	0.000387393932	0.00028972379	0	0	0.338176	0	0	3
138	31	0	2.26441536	90.3797483	90.3801783	90.3796433	90.3807779	0.000387393932	0.00028972379	0	0	0.338611	0	0	3
139	31	0	2.28082417	90.3797819	90.3801703	90.3796433	90.3807779	0.000387393932	0.00028972379	0	0	0.338816	0	0	3
140	31	0	2.29723298	90.3798813	90.3801601	90.3796433	90.3807779	0.000387393932	0.00028972379	0	0	0.338641	0	0	3
141	31	0	2.31364178	90.3800165	90.3801497	90.3796433	90.3807779	0.000376141987	0.00028972379	0	0	0.339136	0	0	3
142	31	0	2.33005059	90.3801436	90.3801383	90.3796433	90.3807779	0.000353053616	0.00028972379	0	0	0.339551	0	0	3
143	32	0	2.3464594	90.380274	90.3801299	90.3796433	90.3807779	0.000326203241	0.00028972379	0	0	0.339733	0	0	3
144	32	0	2.3628682	90.3803559	90.380129	90.3796433	90.3807779	0.000297267608	0.00028972379	0	0	0.339698	0	0	3
145	32	0	2.37927701	90.3804553	90.3801355	90.3796433	90.3807779	0.000266780506	0.00028972379	0	0	0.340126	0	0	3
146	32	0	2.39568582	90.3805182	90.3801476	90.3796433	90.3807779	0.000240456797	0.00028972379	0	0	0.340506	0	0	3
147	33	0	2.41209462	90.3805697	90.3801674	90.3796433	90.3807779	0.000221908822	0.00028972379	0	0	0.340515	0	0	3
148	33	0	2.42850343	90.3805981	90.3801929	90.3796433	90.3807779	0.000218585302	0.00028972379	0	0	0.340389	0	0	3
149	33	0	2.44491224	90.3806135	90.3802179	90.3796433	90.3807779	0.000231664521	0.00028972379	0	0	0.340826	0	0	3
150	33	0	2.46132104	90.3806237	90.3802397	90.3796433	90.3807779	0.000240541401	0.00028972379	0	0	0.341175	0	0	3
151	33	0	2.47772985	90.3806382	90.3802555	90.3796433	90.3807779	0.000253440148	0.00028972379	0	0	0.341167	0	0	3
152	34	0	2.49413866	90.3806316	90.3802683	90.3796433	90.3807779	0.000266308627	0.00028972379	0	0	0.340877	0	0	3
153	34	0	2.51054747	90.3806016	90.3802833	90.3796433	90.3807779	0.000281254208	0.00028972379	0	0	0.341177	0	0	3
154	34	0	2.52695627	90.3805563	90.3803068	90.3796433	90.3807779	0.000304776535	0.00028972379	0	0	0.341521	0	0	3
155	34	0	2.54336508	90.3804698	90.3803332	90.3796433	90.3807779	0.000331198885	0.00028972379	0	0	0.341561	0	0	3
156	35	0	2.55977389	90.3804025	90.3803577	90.3797483	90.3807779	0.000355690706	0.00028972379	0	0	0.341329	0	0	3
157	35	0	2.57618269	90.3803474	90.3803763	90.3797483	90.3807779	0.000374263669	0.00028972379	0	0	0.341574	0	0	3
158	35	0	2.5925915	90.3802943	90.380387	90.3797483	90.3807779	0.00038498964	0.00028972379	0	0	0.341931	0	0	3
159	35	0	2.60900031	90.3802646	90.3803892	90.3797483	90.3807779	0.00038630612	0.00028972379	0	0	0.341996	0	0	3
160	35	0	2.62540911	90.3802775	90.3803862	90.3797483	90.3807779	0.00038193785	0.00028972379	0	0	0.341908	0	0	3
161	36	0	2.64181792	90.3802835	90.3803788	90.3797483	90.3807779	0.000368302719	0.00028972379	0	0	0.342249	0	0	3
162	36	0	2.65822673	90.3803203	90.3803684	90.3797483	90.3807779	0.000342774647	0.00028972379	0	0	0.342618	0	0	3
163	36	0	2.67463554	90.3803459	90.3803562	90.3797483	90.3807779	0.000307321722	0.00028972379	0	0	0.342651	0	0	3
164	36	0	2.69104434	90.3803749	90.3803432	90.3797483	90.3807112	0.000267832426	0.00028972379	0	0	0.342498	0	0	3
165	36	0	2.70745315	90.3803879	90.3803328	90.3797483	90.3806382	0.000260246993	0.00028972379	0	0	0.342925	0	0	3
166	37	0	2.72386196	90.3804115	90.3803311	90.3797483	90.3806382	0.000260246993	0.00028972379	0	0	0.34331	0	0	3
