Iteration	CPUTime	PhysTime	Travels	Value	AvValue	MinValue	MaxValue	Delta	Criteria	Progress	dGMaxMin	CriteriaType	CriteriaVarType	CriteriaPercentage
1	2	0	0.0171610717	0	0	0	0	0	0	0	0	0	0	0	3
2	3	0	0.0343221435	0	0	0	0	0	0	0	0	0	0	0	3
3	3	0	0.0514832152	0	0	0	0	0	0	0	0	0	0	0	3
4	3	0	0.0686442869	0	0	0	0	0	0	0	0	0	0	0	3
5	4	0	0.0858053587	0	0	0	0	0	0	0	0	0	0	0	3
6	4	0	0.10296643	0	0	0	0	0	0	0	0	0	0	0	3
7	4	0	0.120127502	0	0	0	0	0	0	0	0	0	0	0	3
8	5	0	0.137288574	0	0	0	0	0	0	0	0	0	0	0	3
9	5	0	0.154449646	0	0	0	0	0	0	0	0	0	0	0	3
10	5	0	0.171610717	0	0	0	0	0	0	0	0	0	0	0	3
11	5	0	0.188771789	0	0	0	0	0	0	0	0	0	0	0	3
12	6	0	0.205932861	0	0	0	0	0	0	0	0	0	0	0	3
13	6	0	0.223093933	0	0	0	0	0	0	0	0	0	0	0	3
14	7	0	0.240255004	0	0	0	0	0	0	0	0	0	0	0	3
15	7	0	0.257416076	0	0	0	0	0	0	0	0	0	0	0	3
16	7	0	0.274577148	0	0	0	0	0	0	0	0	0	0	0	3
17	7	0	0.291738219	0	0	0	0	0	0	0	0	0	0	0	3
18	8	0	0.308899291	0	0	0	0	0	0	0	0	0	0	0	3
19	8	0	0.326060363	0	0	0	0	0	0	0	0	0	0	0	3
20	8	0	0.343221435	0	0	0	0	0	0	0	0	0	0	0	3
21	9	0	0.360382506	0	0	0	0	0	0	0	0	0	0	0	3
22	9	0	0.377543578	0	0	0	0	0	0	0	0	0	0	0	3
23	9	0	0.39470465	0	0	0	0	0	0	0	0	0	0	0	3
24	9	0	0.411865722	0	0	0	0	0	0	0	0	0	0	0	3
25	10	0	0.429026793	0	0	0	0	0	0	0	0	0	0	0	3
26	10	0	0.446187865	0	0	0	0	0	0	0	0	0	0	0	3
27	10	0	0.463348937	0	0	0	0	0	0	0	0	0	0	0	3
28	10	0	0.480510008	0	0	0	0	0	0	0	0	0	0	0	3
29	11	0	0.49767108	0	0	0	0	0	0	0	0	0	0	0	3
30	11	0	0.514832152	0	0	0	0	0	0	0	0	0	0	0	3
31	11	0	0.531993224	0	0	0	0	0	0	0	0	0	0	0	3
32	12	0	0.549154295	0	0	0	0	0	0	0	0	0	0	0	3
33	12	0	0.566315367	0	0	0	0	0	0	0	0	0	0	0	3
34	12	0	0.583476439	0	0	0	0	0	0	0	0	0	0	0	3
35	12	0	0.600637511	0	0	0	0	0	0	0	0	0	0	0	3
36	13	0	0.617798582	0	0	0	0	0	0	0	0	0	0	0	3
37	13	0	0.634959654	0	0	0	0	0	0	0	0	0	0	0	3
38	13	0	0.652120726	0	0	0	0	0	0	0	0	0	0	0	3
39	14	0	0.669281798	0	0	0	0	0	0	0	0	0	0	0	3
40	14	0	0.686442869	0	0	0	0	0	0	0	0	0	0	0	3
41	14	0	0.703603941	0	0	0	0	0	0	0	0	0	0	0	3
42	14	0	0.720765013	0	0	0	0	0	0	0	0	0	0	0	3
43	15	0	0.737926084	0	0	0	0	0	0	0	0	0	0	0	3
44	15	0	0.755087156	0	0	0	0	0	0	0	0	0	0	0	3
45	15	0	0.772248228	0	0	0	0	0	0	0	0	0	0	0	3
46	16	0	0.7894093	0	0	0	0	0	0	0	0	0	0	0	3
47	16	0	0.806570371	0	0	0	0	0	0	0	0	0	0	0	3
48	16	0	0.823731443	0	0	0	0	0	0	0	0	0	0	0	3
49	16	0	0.840892515	0	0	0	0	0	0	0	0	0	0	0	3
50	17	0	0.858053587	0	0	0	0	0	0	0	0	0	0	0	3
51	17	0	0.875214658	0	0	0	0	0	0	0	0	0	0	0	3
52	17	0	0.89237573	0	0	0	0	0	0	0	0	0	0	0	3
53	18	0	0.909536802	0	0	0	0	0	0	0	0	0	0	0	3
54	18	0	0.926697874	0	0	0	0	0	0	0	0	0	0	0	3
55	18	0	0.943858945	0	0	0	0	0	0	0	0	0	0	0	3
56	18	0	0.961020017	0	0	0	0	0	0	0	0	0	0	0	3
57	19	0	0.978181089	0	0	0	0	0	0	0	0	0	0	0	3
58	19	0	0.99534216	0	0	0	0	0	0	0	0	0	0	0	3
59	19	0	1.01250323	0	0	0	0	0	5e-06	0	0	0	0	0	3
60	19	0	1.0296643	0	0	0	0	0	5e-06	0	0	0	0	0	3
61	20	0	1.04682538	0	0	0	0	0	5e-06	0	0	0	0	0	3
62	20	0	1.06398645	0	0	0	0	0	5e-06	0	0	0	0	0	3
63	20	0	1.08114752	0	0	0	0	0	5e-06	0	0	0	0	0	3
64	21	0	1.09830859	0	0	0	0	0	5e-06	0	0	0	0	0	3
65	21	0	1.11546966	0	0	0	0	0	5e-06	0	0	0	0	0	3
66	21	0	1.13263073	0	0	0	0	0	5e-06	0	0	0	0	0	3
67	22	0	1.14979181	0	0	0	0	0	5e-06	0	0	0	0	0	3
68	22	0	1.16695288	0	0	0	0	0	5e-06	0	0	0	0	0	3
69	22	0	1.18411395	0	0	0	0	0	5e-06	0	0	0	0	0	3
70	23	0	1.20127502	0	0	0	0	0	5e-06	0	0	0	0	0	3
71	23	0	1.21843609	0	0	0	0	0	5e-06	0	0	0	0	0	3
72	23	0	1.23559716	0	0	0	0	0	5e-06	0	0	0	0	0	3
73	24	0	1.25275824	0	0	0	0	0	5e-06	0	0	0	0	0	3
74	24	0	1.26991931	0	0	0	0	0	5e-06	0	0	0	0	0	3
75	24	0	1.28708038	0	0	0	0	0	5e-06	0	0	0	0	0	3
76	25	0	1.30424145	0	0	0	0	0	5e-06	0	0	0	0	0	3
