Iteration	CPUTime	PhysTime	Travels	Value	AvValue	MinValue	MaxValue	Delta	Criteria	Progress	dGMaxMin	CriteriaType	CriteriaVarType	CriteriaPercentage
1	2	0	0.0163316307	-1381583.42	-1381583.42	-1381583.42	-1381583.42	0	0	0	0	4.77137e+06	0	0	3
2	3	0	0.0326632614	-166615.112	-774099.267	-1381583.42	-166615.112	607484.155	0	0	0	5.1533e+06	0	0	3
3	3	0	0.0489948921	279491.218	-422902.438	-1381583.42	279491.218	958680.983	0	0	0	5.00148e+06	0	0	3
4	3	0	0.0653265229	393800.878	-218726.609	-1381583.42	393800.878	1162856.81	0	0	0	5.34764e+06	0	0	3
5	4	0	0.0816581536	360897.013	-102801.885	-1381583.42	393800.878	1278781.54	0	0	0	5.19757e+06	0	0	3
6	4	0	0.0979897843	357920.011	-26014.9024	-1381583.42	393800.878	1355568.52	0	0	0	4.84424e+06	0	0	3
7	4	0	0.114321415	354720.807	28375.9132	-1381583.42	393800.878	1409959.33	0	0	0	4.32601e+06	0	0	3
8	5	0	0.130653046	347507.348	68267.3425	-1381583.42	393800.878	1449850.76	0	0	0	3.77728e+06	0	0	3
9	5	0	0.146984676	345633.284	99085.7805	-1381583.42	393800.878	1480669.2	0	0	0	3.37257e+06	0	0	3
10	5	0	0.163316307	344275.891	123604.792	-1381583.42	393800.878	1505188.21	0	0	0	3.27538e+06	0	0	3
11	6	0	0.179647938	343862.141	143628.187	-1381583.42	393800.878	1525211.61	0	0	0	3.28921e+06	0	0	3
12	6	0	0.195979569	343917.5	160318.963	-1381583.42	393800.878	1541902.38	0	0	0	3.28434e+06	0	0	3
13	6	0	0.212311199	339625.486	174111.773	-1381583.42	393800.878	1555695.19	0	0	0	3.25979e+06	0	0	3
14	6	0	0.22864283	342629.016	186148.718	-1381583.42	393800.878	1567732.14	0	0	0	3.20364e+06	0	0	3
15	7	0	0.244974461	338446.329	196301.893	-1381583.42	393800.878	1577885.31	0	0	0	3.10474e+06	0	0	3
16	7	0	0.261306091	340013.151	205283.846	-1381583.42	393800.878	1586867.27	0	0	0	3.21096e+06	0	0	3
17	7	0	0.277637722	339454.471	213176.236	-1381583.42	393800.878	1594759.66	0	0	0	3.29019e+06	0	0	3
18	8	0	0.293969353	339558.347	220197.464	-1381583.42	393800.878	1601780.89	0	0	0	2.76112e+06	0	0	3
19	8	0	0.310300984	340349.385	226521.25	-1381583.42	393800.878	1608104.67	0	0	0	2.74479e+06	0	0	3
20	8	0	0.326632614	339136.323	232152.003	-1381583.42	393800.878	1613735.43	0	0	0	2.7406e+06	0	0	3
21	9	0	0.342964245	339278.259	237253.254	-1381583.42	393800.878	1618836.68	0	0	0	2.72681e+06	0	0	3
22	9	0	0.359295876	338302.884	241846.419	-1381583.42	393800.878	1623429.84	0	0	0	2.72357e+06	0	0	3
23	9	0	0.375627506	338600.327	246053.11	-1381583.42	393800.878	1627636.53	0	0	0	2.68599e+06	0	0	3
24	10	0	0.391959137	338418.24	249901.657	-1381583.42	393800.878	1631485.08	0	0	0	2.74933e+06	0	0	3
25	10	0	0.408290768	338520.853	253446.425	-1381583.42	393800.878	1635029.85	0	0	0	2.74707e+06	0	0	3
26	10	0	0.424622399	338267.005	256708.755	-1381583.42	393800.878	1638292.18	0	0	0	2.74839e+06	0	0	3
27	11	0	0.440954029	337325.031	259694.543	-1381583.42	393800.878	1641277.96	0	0	0	2.72099e+06	0	0	3
28	11	0	0.45728566	336288.491	262430.041	-1381583.42	393800.878	1644013.46	0	0	0	2.72183e+06	0	0	3
29	11	0	0.473617291	335384.755	264945.721	-1381583.42	393800.878	1646529.14	0	0	0	2.69877e+06	0	0	3
30	11	0	0.489948921	334218.184	267254.803	-1381583.42	393800.878	1648838.22	0	0	0	2.70397e+06	0	0	3
31	12	0	0.506280552	331728.364	269334.595	-1381583.42	393800.878	1650918.02	0	0	0	2.68011e+06	0	0	3
32	12	0	0.522612183	329800.402	324540.525	-166615.112	393800.878	560415.99	0	0	0	2.68931e+06	0	0	3
33	12	0	0.538943814	329105.525	340531.514	279491.218	393800.878	114309.66	0	0	0	2.66919e+06	0	0	3
34	13	0	0.555275444	328969.222	342127.578	328969.222	393800.878	64831.6562	0	0	0	2.67808e+06	0	0	3
35	13	0	0.571607075	328457.552	340019.729	328457.552	360897.013	32439.4607	0	0	0	2.65757e+06	0	0	3
36	13	0	0.587938706	328975.489	338990.002	328457.552	357920.011	29462.4587	0	0	0	2.67125e+06	0	0	3
37	14	0	0.604270336	328309.979	338034.84	328309.979	354720.807	26410.8278	0	0	0	2.64932e+06	0	0	3
38	14	0	0.620601967	327424.621	337154.318	327424.621	347507.348	20082.7263	0	0	0	2.67308e+06	0	0	3
39	14	0	0.636933598	327016.995	336493.339	327016.995	345633.284	18616.2895	0	0	0	2.64136e+06	0	0	3
40	15	0	0.653265229	326814.124	335886.269	326814.124	344275.891	17461.7669	0	0	0	2.66487e+06	0	0	3
41	15	0	0.669596859	326064.278	335298.798	326064.278	343917.5	17853.2223	0	0	0	2.63346e+06	0	0	3
42	15	0	0.68592849	325795.012	334715.987	325795.012	343917.5	18122.4887	0	0	0	2.66515e+06	0	0	3
43	16	0	0.702260121	326140.093	334142.522	325795.012	342629.016	16834.0044	0	0	0	2.62739e+06	0	0	3
44	16	0	0.718591751	326607.063	333722.573	325795.012	342629.016	16834.0044	0	0	0	2.65073e+06	0	0	3
45	16	0	0.734923382	326830.691	333212.95	325795.012	340349.385	14554.3737	0	0	0	2.62869e+06	0	0	3
46	17	0	0.751255013	328870.73	332904.06	325795.012	340349.385	14554.3737	0	0	0	2.64776e+06	0	0	3
47	17	0	0.767586644	329502.82	332565.017	325795.012	340349.385	14554.3737	0	0	0	2.62703e+06	0	0	3
48	17	0	0.783918274	329112.155	332231.394	325795.012	340349.385	14554.3737	0	0	0	2.63757e+06	0	0	3
49	18	0	0.800249905	328512.998	331875.092	325795.012	340349.385	14554.3737	0	0	0	2.6208e+06	0	0	3
50	18	0	0.816581536	327813.36	331470.704	325795.012	339278.259	13483.2473	0	0	0	2.62374e+06	0	0	3
51	18	0	0.832913166	326191.911	331053.142	325795.012	339278.259	13483.2473	0	0	0	2.61293e+06	0	0	3
52	19	0	0.849244797	324897.31	330589.241	324897.31	338600.327	13703.0173	0	0	0	2.61957e+06	0	0	3
53	19	0	0.865576428	325259.437	330168.484	324897.31	338600.327	13703.0173	0	0	0	2.60882e+06	0	0	3
54	19	0	0.881908059	325784.019	329755.055	324897.31	338520.853	13623.5431	0	0	0	2.61995e+06	0	0	3
55	19	0	0.898239689	326537.53	329371.806	324897.31	338520.853	13623.5431	0	0	0	2.60938e+06	0	0	3
56	20	0	0.91457132	327538.361	329017.532	324897.31	338267.005	13369.6953	0	0	0	2.62234e+06	0	0	3
57	20	0	0.930902951	328342.932	328697.401	324897.31	337325.031	12427.7209	0	0	0	2.61515e+06	0	0	3
58	20	0	0.947234582	328374.887	328408.687	324897.31	336288.491	11391.181	0	0	0	2.62201e+06	0	0	3
59	21	0	0.963566212	328207.186	328148	324897.31	335384.755	10487.4453	0	0	0	2.62178e+06	0	0	3
60	21	0	0.979897843	327907.042	327906.783	324897.31	334218.184	9320.87446	0	0	0	2.62081e+06	0	0	3
61	21	0	0.996229474	327047.406	327675.468	324897.31	331728.364	6831.05367	0	0	0	2.62287e+06	0	0	3
62	22	0	1.0125611	326458.073	327505.458	324897.31	329800.402	4903.0919	3429.28979	0	69.9	2.62058e+06	0	0	3
63	22	0	1.02889274	326834.712	327409.791	324897.31	329502.82	4605.51027	3429.28979	0	74.4	2.6229e+06	0	0	3
64	22	0	1.04522437	327436.19	327355.941	324897.31	329502.82	4605.51027	3429.28979	0	74.4	2.61974e+06	0	0	3
65	23	0	1.061556	328369.414	327336.593	324897.31	329502.82	4605.51027	3429.28979	0	74.4	2.61566e+06	0	0	3
66	23	0	1.07788763	328350.012	327333.124	324897.31	329502.82	4605.51027	3429.28979	0	74.4	2.62e+06	0	0	3
67	24	0	1.09421926	328096.01	327304.753	324897.31	329502.82	4605.51027	3429.28979	0	74.4	2.61739e+06	0	0	3
68	24	0	1.11055089	327872.305	327290.635	324897.31	329502.82	4605.51027	3429.28979	0	74.4	2.61741e+06	0	0	3
69	24	0	1.12688252	327891.801	327305.705	324897.31	329502.82	4605.51027	3429.28979	0	74.4	2.61345e+06	0	0	3
70	25	0	1.14321415	327966.227	327336.325	324897.31	329502.82	4605.51027	3429.28979	0	74.4	2.61878e+06	0	0	3
71	25	0	1.15954578	327958.836	327373.252	324897.31	329502.82	4605.51027	3429.28979	0	74.4	2.6098e+06	0	0	3
72	26	0	1.17587741	328366.559	327447.519	324897.31	329502.82	4605.51027	3429.28979	0	74.4	2.62071e+06	0	0	3
73	26	0	1.19220904	328150.311	327523.496	324897.31	329502.82	4605.51027	3429.28979	0	74.4	2.60911e+06	0	0	3
74	26	0	1.20854067	327954.387	327582.022	324897.31	329502.82	4605.51027	3429.28979	0	74.4	2.62366e+06	0	0	3
75	27	0	1.2248723	328338.475	327637.874	324897.31	329502.82	4605.51027	3429.28979	0	74.4	2.61556e+06	0	0	3
76	27	0	1.24120393	328561.952	327693.721	324897.31	329502.82	4605.51027	3429.28979	0	74.4	2.62319e+06	0	0	3
77	27	0	1.25753557	328653.116	327686.701	324897.31	329502.82	4605.51027	3429.28979	0	74.4	2.62159e+06	0	0	3
78	28	0	1.2738672	328570.778	327656.635	324897.31	329112.155	4214.84542	3429.28979	0	81.3	2.622e+06	0	0	3
79	28	0	1.29019883	328788.359	327646.19	324897.31	328788.359	3891.04927	3429.28979	0	88.1	2.62415e+06	0	0	3
80	29	0	1.30653046	328974.836	327661.088	324897.31	328974.836	4077.5265	3429.28979	0	84.1	2.61853e+06	0	0	3
81	29	0	1.32286209	328646.738	327687.971	324897.31	328974.836	3762.50757	3429.28979	0	91.1	2.61879e+06	0	0	3
82	29	0	1.33919372	328730.064	327769.847	324897.31	328974.836	3298.60599	3429.28979	0	100	2.61594e+06	0	0	3
83	30	0	1.35552535	328791.992	327895.482	325259.437	328974.836	2877.84964	3429.28979	0	100	2.61684e+06	0	0	3
84	30	0	1.37185698	328951.03	328014.566	325784.019	328974.836	2464.42035	3429.28979	0	100	2.61703e+06	0	0	3
85	30	0	1.38818861	328899.182	328115.055	326458.073	328974.836	2081.17165	3429.28979	0	100	2.6103e+06	0	0	3
86	31	0	1.40452024	328632.228	328182.626	326458.073	328974.836	1726.89772	3429.28979	0	100	2.61925e+06	0	0	3
