Iteration	CPUTime	PhysTime	Travels	Value	AvValue	MinValue	MaxValue	Delta	Criteria	Progress	dGMaxMin	CriteriaType	CriteriaVarType	CriteriaPercentage
1	2	0	0.0177499803	0	0	0	0	0	0	0	0	0	0	0	3
2	3	0	0.0354999607	0	0	0	0	0	0	0	0	0	0	0	3
3	3	0	0.053249941	0	0	0	0	0	0	0	0	0	0	0	3
4	3	0	0.0709999213	0	0	0	0	0	0	0	0	0	0	0	3
5	3	0	0.0887499017	0	0	0	0	0	0	0	0	0	0	0	3
6	4	0	0.106499882	0	0	0	0	0	0	0	0	0	0	0	3
7	4	0	0.124249862	0	0	0	0	0	0	0	0	0	0	0	3
8	4	0	0.141999843	0	0	0	0	0	0	0	0	0	0	0	3
9	4	0	0.159749823	0	0	0	0	0	0	0	0	0	0	0	3
10	5	0	0.177499803	0	0	0	0	0	0	0	0	0	0	0	3
11	5	0	0.195249784	0	0	0	0	0	0	0	0	0	0	0	3
12	5	0	0.212999764	0	0	0	0	0	0	0	0	0	0	0	3
13	5	0	0.230749744	0	0	0	0	0	0	0	0	0	0	0	3
14	6	0	0.248499725	0	0	0	0	0	0	0	0	0	0	0	3
15	6	0	0.266249705	0	0	0	0	0	0	0	0	0	0	0	3
16	6	0	0.283999685	0	0	0	0	0	0	0	0	0	0	0	3
17	6	0	0.301749666	0	0	0	0	0	0	0	0	0	0	0	3
18	7	0	0.319499646	0	0	0	0	0	0	0	0	0	0	0	3
19	7	0	0.337249626	0	0	0	0	0	0	0	0	0	0	0	3
20	7	0	0.354999607	0	0	0	0	0	0	0	0	0	0	0	3
21	8	0	0.372749587	0	0	0	0	0	0	0	0	0	0	0	3
22	8	0	0.390499567	0	0	0	0	0	0	0	0	0	0	0	3
23	8	0	0.408249548	0	0	0	0	0	0	0	0	0	0	0	3
24	8	0	0.425999528	0	0	0	0	0	0	0	0	0	0	0	3
25	9	0	0.443749508	0	0	0	0	0	0	0	0	0	0	0	3
26	9	0	0.461499489	0	0	0	0	0	0	0	0	0	0	0	3
27	9	0	0.479249469	0	0	0	0	0	0	0	0	0	0	0	3
28	9	0	0.496999449	0	0	0	0	0	0	0	0	0	0	0	3
29	10	0	0.51474943	0	0	0	0	0	0	0	0	0	0	0	3
30	10	0	0.53249941	0	0	0	0	0	0	0	0	0	0	0	3
31	10	0	0.55024939	0	0	0	0	0	0	0	0	0	0	0	3
32	11	0	0.567999371	0	0	0	0	0	0	0	0	0	0	0	3
33	11	0	0.585749351	0	0	0	0	0	0	0	0	0	0	0	3
34	11	0	0.603499331	0	0	0	0	0	0	0	0	0	0	0	3
35	11	0	0.621249312	0	0	0	0	0	0	0	0	0	0	0	3
36	12	0	0.638999292	0	0	0	0	0	0	0	0	0	0	0	3
37	12	0	0.656749272	0	0	0	0	0	0	0	0	0	0	0	3
38	12	0	0.674499253	0	0	0	0	0	0	0	0	0	0	0	3
39	12	0	0.692249233	0	0	0	0	0	0	0	0	0	0	0	3
40	13	0	0.709999213	0	0	0	0	0	0	0	0	0	0	0	3
41	13	0	0.727749194	0	0	0	0	0	0	0	0	0	0	0	3
42	13	0	0.745499174	0	0	0	0	0	0	0	0	0	0	0	3
43	14	0	0.763249154	0	0	0	0	0	0	0	0	0	0	0	3
44	14	0	0.780999135	0	0	0	0	0	0	0	0	0	0	0	3
45	14	0	0.798749115	0	0	0	0	0	0	0	0	0	0	0	3
46	14	0	0.816499095	0	0	0	0	0	0	0	0	0	0	0	3
47	15	0	0.834249076	0	0	0	0	0	0	0	0	0	0	0	3
48	15	0	0.851999056	0	0	0	0	0	0	0	0	0	0	0	3
49	15	0	0.869749036	0	0	0	0	0	0	0	0	0	0	0	3
50	15	0	0.887499017	0	0	0	0	0	0	0	0	0	0	0	3
51	16	0	0.905248997	0	0	0	0	0	0	0	0	0	0	0	3
52	16	0	0.922998977	0	0	0	0	0	0	0	0	0	0	0	3
53	16	0	0.940748958	0	0	0	0	0	0	0	0	0	0	0	3
54	17	0	0.958498938	0	0	0	0	0	0	0	0	0	0	0	3
55	17	0	0.976248918	0	0	0	0	0	0	0	0	0	0	0	3
56	17	0	0.993998899	0	0	0	0	0	0	0	0	0	0	0	3
57	17	0	1.01174888	0	0	0	0	0	5e-06	0	0	0	0	0	3
58	18	0	1.02949886	0	0	0	0	0	5e-06	0	0	0	0	0	3
59	18	0	1.04724884	0	0	0	0	0	5e-06	0	0	0	0	0	3
60	18	0	1.06499882	0	0	0	0	0	5e-06	0	0	0	0	0	3
61	19	0	1.0827488	0	0	0	0	0	5e-06	0	0	0	0	0	3
62	19	0	1.10049878	0	0	0	0	0	5e-06	0	0	0	0	0	3
63	19	0	1.11824876	0	0	0	0	0	5e-06	0	0	0	0	0	3
64	20	0	1.13599874	0	0	0	0	0	5e-06	0	0	0	0	0	3
65	20	0	1.15374872	0	0	0	0	0	5e-06	0	0	0	0	0	3
66	20	0	1.1714987	0	0	0	0	0	5e-06	0	0	0	0	0	3
67	21	0	1.18924868	0	0	0	0	0	5e-06	0	0	0	0	0	3
68	21	0	1.20699866	0	0	0	0	0	5e-06	0	0	0	0	0	3
69	21	0	1.22474864	0	0	0	0	0	5e-06	0	0	0	0	0	3
70	21	0	1.24249862	0	0	0	0	0	5e-06	0	0	0	0	0	3
71	22	0	1.2602486	0	0	0	0	0	5e-06	0	0	0	0	0	3
72	22	0	1.27799858	0	0	0	0	0	5e-06	0	0	0	0	0	3
73	22	0	1.29574856	0	0	0	0	0	5e-06	0	0	0	0	0	3
74	23	0	1.31349854	0	0	0	0	0	5e-06	0	0	0	0	0	3
75	23	0	1.33124852	0	0	0	0	0	5e-06	0	0	0	0	0	3
76	23	0	1.34899851	0	0	0	0	0	5e-06	0	0	0	0	0	3
77	24	0	1.36674849	0	0	0	0	0	5e-06	0	0	0	0	0	3
78	24	0	1.38449847	0	0	0	0	0	5e-06	0	0	0	0	0	3
79	24	0	1.40224845	0	0	0	0	0	5e-06	0	0	0	0	0	3
80	25	0	1.41999843	0	0	0	0	0	5e-06	0	0	0	0	0	3
81	25	0	1.43774841	0	0	0	0	0	5e-06	0	0	0	0	0	3
82	25	0	1.45549839	0	0	0	0	0	5e-06	0	0	0	0	0	3
83	26	0	1.47324837	0	0	0	0	0	5e-06	0	0	0	0	0	3
84	26	0	1.49099835	0	0	0	0	0	5e-06	0	0	0	0	0	3
85	26	0	1.50874833	0	0	0	0	0	5e-06	0	0	0	0	0	3
86	26	0	1.52649831	0	0	0	0	0	5e-06	0	0	0	0	0	3
87	27	0	1.54424829	0	0	0	0	0	5e-06	0	0	0	0	0	3
88	27	0	1.56199827	0	0	0	0	0	5e-06	0	0	0	0	0	3
89	27	0	1.57974825	0	0	0	0	0	5e-06	0	0	0	0	0	3
90	28	0	1.59749823	0	0	0	0	0	5e-06	0	0	0	0	0	3
91	28	0	1.61524821	0	0	0	0	0	5e-06	0	0	0	0	0	3
92	28	0	1.63299819	0	0	0	0	0	5e-06	0	0	0	0	0	3
93	29	0	1.65074817	0	0	0	0	0	5e-06	0	0	0	0	0	3
94	29	0	1.66849815	0	0	0	0	0	5e-06	0	0	0	0	0	3
95	29	0	1.68624813	0	0	0	0	0	5e-06	0	0	0	0	0	3
96	30	0	1.70399811	0	0	0	0	0	5e-06	0	0	0	0	0	3
97	30	0	1.72174809	0	0	0	0	0	5e-06	0	0	0	0	0	3
98	30	0	1.73949807	0	0	0	0	0	5e-06	0	0	0	0	0	3
99	31	0	1.75724805	0	0	0	0	0	5e-06	0	0	0	0	0	3
100	31	0	1.77499803	0	0	0	0	0	5e-06	0	0	0	0	0	3
101	32	0	1.79274801	0	0	0	0	0	5e-06	0	0	0	0	0	3
102	32	0	1.81049799	0	0	0	0	0	5e-06	0	0	0	0	0	3
103	33	0	1.82824797	0	0	0	0	0	5e-06	0	0	0	0	0	3
104	33	0	1.84599795	0	0	0	0	0	5e-06	0	0	0	0	0	3
