Iteration	CPUTime	PhysTime	Travels	Value	AvValue	MinValue	MaxValue	Delta	Criteria	Progress	dGMaxMin	CriteriaType	CriteriaVarType	CriteriaPercentage
1	2	0	0.0177499803	-8.35300506e-05	-8.35300506e-05	-8.35300506e-05	-8.35300506e-05	0	0	0	0	0	0	0	3
2	3	0	0.0354999607	-7.53216548e-07	-4.21416336e-05	-8.35300506e-05	-7.53216548e-07	4.1388417e-05	0	0	0	0	0	0	3
3	3	0	0.053249941	1.17039388e-06	-2.77042911e-05	-8.35300506e-05	1.17039388e-06	5.58257595e-05	0	0	0	0	0	0	3
4	3	0	0.0709999213	3.84131284e-07	-2.06821855e-05	-8.35300506e-05	1.17039388e-06	6.28478651e-05	0	0	0	0	0	0	3
5	3	0	0.0887499017	1.04232294e-08	-1.65436637e-05	-8.35300506e-05	1.17039388e-06	6.69863868e-05	0	0	0	0	0	0	3
6	4	0	0.106499882	-3.64516579e-08	-1.37924617e-05	-8.35300506e-05	1.17039388e-06	6.97375888e-05	0	0	0	0	0	0	3
7	4	0	0.124249862	-2.11375706e-07	-1.18523066e-05	-8.35300506e-05	1.17039388e-06	7.1677744e-05	0	0	0	0	0	0	3
8	4	0	0.141999843	-2.00848066e-07	-1.03958743e-05	-8.35300506e-05	1.17039388e-06	7.31341763e-05	0	0	0	0	0	0	3
9	4	0	0.159749823	-1.80270913e-07	-9.26080723e-06	-8.35300506e-05	1.17039388e-06	7.42692433e-05	0	0	0	0	0	0	3
10	5	0	0.177499803	2.17969811e-07	-8.31292953e-06	-8.35300506e-05	1.17039388e-06	7.52171211e-05	0	0	0	0	0	0	3
11	5	0	0.195249784	6.12244733e-08	-7.5516428e-06	-8.35300506e-05	1.17039388e-06	7.59784078e-05	0	0	0	0	0	0	3
12	5	0	0.212999764	-1.61297302e-08	-6.92368338e-06	-8.35300506e-05	1.17039388e-06	7.66063672e-05	0	0	0	0	0	0	3
13	5	0	0.230749744	-3.18571474e-07	-6.41559785e-06	-8.35300506e-05	1.17039388e-06	7.71144527e-05	0	0	0	0	0	0	3
14	6	0	0.248499725	-5.15293247e-07	-5.99414752e-06	-8.35300506e-05	1.17039388e-06	7.75359031e-05	0	0	0	0	0	0	3
15	6	0	0.266249705	-5.94911099e-07	-5.63419842e-06	-8.35300506e-05	1.17039388e-06	7.78958522e-05	0	0	0	0	0	0	3
16	6	0	0.283999685	-5.62711226e-07	-5.31723047e-06	-8.35300506e-05	1.17039388e-06	7.82128201e-05	0	0	0	0	0	0	3
17	6	0	0.301749666	-8.02590094e-07	-5.05166339e-06	-8.35300506e-05	1.17039388e-06	7.84783872e-05	0	0	0	0	0	0	3
18	7	0	0.319499646	-8.44751814e-07	-4.81794608e-06	-8.35300506e-05	1.17039388e-06	7.87121045e-05	0	0	0	0	0	0	3
19	7	0	0.337249626	-1.13508407e-06	-4.62411124e-06	-8.35300506e-05	1.17039388e-06	7.89059393e-05	0	0	0	0	0	0	3
20	7	0	0.354999607	-1.24353338e-06	-4.45508235e-06	-8.35300506e-05	1.17039388e-06	7.90749682e-05	0	0	0	0	0	0	3
21	8	0	0.372749587	-8.57136392e-07	-4.28375159e-06	-8.35300506e-05	1.17039388e-06	7.9246299e-05	0	0	0	0	0	0	3
22	8	0	0.390499567	-1.06903084e-06	-4.13762792e-06	-8.35300506e-05	1.17039388e-06	7.93924227e-05	0	0	0	0	0	0	3
23	8	0	0.408249548	-9.40751224e-07	-3.99863328e-06	-8.35300506e-05	1.17039388e-06	7.95314173e-05	0	0	0	0	0	0	3
24	8	0	0.425999528	-9.66537646e-07	-3.87229596e-06	-8.35300506e-05	1.17039388e-06	7.96577546e-05	0	0	0	0	0	0	3
25	9	0	0.443749508	-1.58770702e-06	-3.7809124e-06	-8.35300506e-05	1.17039388e-06	7.97491382e-05	0	0	0	0	0	0	3
26	9	0	0.461499489	-1.01374951e-06	-3.67448306e-06	-8.35300506e-05	1.17039388e-06	7.98555675e-05	0	0	0	0	0	0	3
27	9	0	0.479249469	1.12585364e-07	-3.53422127e-06	-8.35300506e-05	1.17039388e-06	7.99958293e-05	0	0	0	0	0	0	3
28	9	0	0.496999449	2.19342106e-07	-3.40016543e-06	-8.35300506e-05	1.17039388e-06	8.01298851e-05	0	0	0	0	0	0	3
29	10	0	0.51474943	-3.64453858e-07	-3.29548572e-06	-8.35300506e-05	1.17039388e-06	8.02345649e-05	0	0	0	0	0	0	3
30	10	0	0.53249941	-5.22302786e-07	-4.33149592e-07	-1.58770702e-06	1.17039388e-06	2.7581009e-06	0	0	0	0	0	0	3
31	10	0	0.55024939	-1.30253384e-06	-4.52091568e-07	-1.58770702e-06	1.17039388e-06	2.7581009e-06	0	0	0	0	0	0	3
32	11	0	0.567999371	-8.47522459e-07	-5.2167489e-07	-1.58770702e-06	3.84131284e-07	1.97183831e-06	0	0	0	0	0	0	3
33	11	0	0.585749351	-6.37207564e-07	-5.56893471e-07	-1.58770702e-06	2.19342106e-07	1.80704913e-06	0	0	0	0	0	0	3
34	11	0	0.603499331	-9.83587004e-07	-5.91169685e-07	-1.58770702e-06	2.19342106e-07	1.80704913e-06	0	0	0	0	0	0	3
35	11	0	0.621249312	-1.40995005e-06	-6.38531699e-07	-1.58770702e-06	2.19342106e-07	1.80704913e-06	0	0	0	0	0	0	3
36	12	0	0.638999292	-1.32480344e-06	-6.76925759e-07	-1.58770702e-06	2.19342106e-07	1.80704913e-06	0	0	0	0	0	0	3
37	12	0	0.656749272	-2.05372756e-06	-7.40818155e-07	-2.05372756e-06	2.19342106e-07	2.27306967e-06	0	0	0	0	0	0	3
38	12	0	0.674499253	-2.35391929e-06	-8.15771548e-07	-2.35391929e-06	2.19342106e-07	2.57326139e-06	0	0	0	0	0	0	3
39	12	0	0.692249233	-2.37124105e-06	-9.05054681e-07	-2.37124105e-06	2.19342106e-07	2.59058316e-06	0	0	0	0	0	0	3
40	13	0	0.709999213	-1.87960318e-06	-9.71979772e-07	-2.37124105e-06	2.19342106e-07	2.59058316e-06	0	0	0	0	0	0	3
41	13	0	0.727749194	-1.96019088e-06	-1.03901636e-06	-2.37124105e-06	2.19342106e-07	2.59058316e-06	0	0	0	0	0	0	3
42	13	0	0.745499174	-2.04659901e-06	-1.09860352e-06	-2.37124105e-06	2.19342106e-07	2.59058316e-06	0	0	0	0	0	0	3
43	14	0	0.763249154	-1.85557539e-06	-1.14482015e-06	-2.37124105e-06	2.19342106e-07	2.59058316e-06	0	0	0	0	0	0	3
44	14	0	0.780999135	-2.03437654e-06	-1.19445689e-06	-2.37124105e-06	2.19342106e-07	2.59058316e-06	0	0	0	0	0	0	3
45	14	0	0.798749115	-1.97485965e-06	-1.24315166e-06	-2.37124105e-06	2.19342106e-07	2.59058316e-06	0	0	0	0	0	0	3
46	14	0	0.816499095	-1.61253703e-06	-1.27108086e-06	-2.37124105e-06	2.19342106e-07	2.59058316e-06	0	0	0	0	0	0	3
47	15	0	0.834249076	-2.66558579e-06	-1.33386824e-06	-2.66558579e-06	2.19342106e-07	2.88492789e-06	0	0	0	0	0	0	3
48	15	0	0.851999056	-1.62456596e-06	-1.35074693e-06	-2.66558579e-06	2.19342106e-07	2.88492789e-06	0	0	0	0	0	0	3
49	15	0	0.869749036	-1.55400306e-06	-1.36145278e-06	-2.66558579e-06	2.19342106e-07	2.88492789e-06	0	0	0	0	0	0	3
50	15	0	0.887499017	-1.75463831e-06	-1.39240112e-06	-2.66558579e-06	2.19342106e-07	2.88492789e-06	0	0	0	0	0	0	3
51	16	0	0.905248997	-1.73283493e-06	-1.41529092e-06	-2.66558579e-06	2.19342106e-07	2.88492789e-06	0	0	0	0	0	0	3
52	16	0	0.922998977	-2.46632291e-06	-1.46789684e-06	-2.66558579e-06	2.19342106e-07	2.88492789e-06	0	0	0	0	0	0	3
53	16	0	0.940748958	-4.00277942e-08	-1.43594822e-06	-2.66558579e-06	2.19342106e-07	2.88492789e-06	0	0	0	0	0	0	3
54	17	0	0.958498938	-2.1978255e-06	-1.45698679e-06	-2.66558579e-06	2.19342106e-07	2.88492789e-06	0	0	0	0	0	0	3
55	17	0	0.976248918	-4.17161574e-07	-1.43641479e-06	-2.66558579e-06	2.19342106e-07	2.88492789e-06	0	0	0	0	0	0	3
56	17	0	0.993998899	-1.40641871e-06	-1.48879424e-06	-2.66558579e-06	2.19342106e-07	2.88492789e-06	0	0	0	0	0	0	3
57	17	0	1.01174888	8.61154195e-07	-1.46666279e-06	-2.66558579e-06	8.61154195e-07	2.86233613e-06	0.0103132669	0	0	0	0	0	3
58	18	0	1.02949886	-7.19351776e-07	-1.47890065e-06	-2.66558579e-06	8.61154195e-07	1.05564465e-06	0.0103132489	0	0	0	0	0	3
59	18	0	1.04724884	1.07711155e-06	-1.42374843e-06	-2.66558579e-06	1.07711155e-06	1.03670267e-06	0.0103132693	0	0	0	0	0	3
60	18	0	1.06499882	-8.455976e-07	-1.40799201e-06	-2.66558579e-06	1.07711155e-06	9.67119352e-07	0.0103132475	0	0	0	0	0	3
61	19	0	1.0827488	2.8877997e-07	-1.36880917e-06	-2.66558579e-06	1.07711155e-06	9.31900771e-07	0.0103132604	0	0	0	0	0	3
62	19	0	1.10049878	-8.47400524e-07	-1.3760572e-06	-2.66558579e-06	1.07711155e-06	8.97624556e-07	0.0103132475	0	0	0	0	0	3
63	19	0	1.11824876	5.86635481e-07	-1.3219116e-06	-2.66558579e-06	1.07711155e-06	8.50262543e-07	0.0103132638	0	0	0	0	0	3
64	20	0	1.13599874	-7.48218491e-07	-1.29909327e-06	-2.66558579e-06	1.07711155e-06	8.11868483e-07	0.0103132486	0	0	0	0	0	3
65	20	0	1.15374872	4.31345749e-07	-1.2385364e-06	-2.66558579e-06	1.07711155e-06	7.47976086e-07	0.010313262	0	0	0	0	0	3
66	20	0	1.1714987	-1.1241911e-06	-1.20648342e-06	-2.66558579e-06	1.07711155e-06	6.73022694e-07	0.0103132443	0	0	0	0	0	3
67	21	0	1.18924868	-1.105219e-06	-1.16342479e-06	-2.66558579e-06	1.07711155e-06	5.83739561e-07	0.0103132445	0	0	0	0	0	3
68	21	0	1.20699866	-8.37622405e-07	-1.11054138e-06	-2.66558579e-06	1.07711155e-06	5.1681447e-07	0.0103132476	0	0	0	0	0	3
69	21	0	1.22474864	8.37672279e-07	-1.01684223e-06	-2.66558579e-06	1.07711155e-06	4.71952011e-07	0.0103132666	0	0	0	0	0	3
70	21	0	1.24249862	-8.30031182e-07	-9.77871207e-07	-2.66558579e-06	1.07711155e-06	5.10923035e-07	0.0103132477	0	0	0	0	0	3
71	22	0	1.2602486	-9.8703626e-09	-9.07639185e-07	-2.66558579e-06	1.07711155e-06	5.81155057e-07	0.010313257	0	0	0	0	0	3
72	22	0	1.27799858	-4.97517309e-07	-8.60809596e-07	-2.66558579e-06	1.07711155e-06	6.27984646e-07	0.0103132514	0	0	0	0	0	3
73	22	0	1.29574856	1.20335138e-06	-7.49163805e-07	-2.66558579e-06	1.20335138e-06	7.39630437e-07	0.0103132708	0	0	0	0	0	3
74	23	0	1.31349854	-1.41897127e-06	-7.2999524e-07	-2.66558579e-06	1.20335138e-06	7.58799001e-07	0.010313241	0	0	0	0	0	3
75	23	0	1.33124852	1.37434379e-07	-6.69651399e-07	-2.66558579e-06	1.20335138e-06	8.19142843e-07	0.0103132587	0	0	0	0	0	3
76	23	0	1.34899851	-7.5546094e-07	-6.03785025e-07	-2.46632291e-06	1.20335138e-06	8.85009217e-07	0.0103132485	0	0	0	0	0	3
77	24	0	1.36674849	1.25109075e-06	-5.04624449e-07	-2.46632291e-06	1.25109075e-06	9.84169793e-07	0.0103132713	0	0	0	0	0	3
78	24	0	1.38449847	-8.78845765e-07	-4.81343163e-07	-2.46632291e-06	1.25109075e-06	1.00745108e-06	0.0103132471	0	0	0	0	0	3
79	24	0	1.40224845	3.61929986e-07	-4.08358049e-07	-2.46632291e-06	1.25109075e-06	1.08043619e-06	0.0103132612	0	0	0	0	0	3
80	25	0	1.41999843	-5.46678846e-07	-3.67456115e-07	-2.46632291e-06	1.25109075e-06	1.12133813e-06	0.0103132509	0	0	0	0	0	3
81	25	0	1.43774841	1.66491652e-06	-2.24999583e-07	-2.1978255e-06	1.66491652e-06	1.26379466e-06	0.010313276	0	0	0	0	0	3
82	25	0	1.45549839	-9.38580083e-07	-2.55984145e-07	-2.1978255e-06	1.66491652e-06	1.26379466e-06	0.0103132464	0	0	0	0	0	3
83	26	0	1.47324837	3.61093976e-08	-1.78951907e-07	-1.41897127e-06	1.66491652e-06	1.30984234e-06	0.0103132575	0	0	0	0	0	3
84	26	0	1.49099835	-6.13018923e-07	-1.85705609e-07	-1.41897127e-06	1.66491652e-06	1.30984234e-06	0.0103132501	0	0	0	0	0	3
85	26	0	1.50874833	1.70130544e-06	-7.85427068e-08	-1.41897127e-06	1.70130544e-06	1.40035794e-06	0.0103132764	0	0	0	0	0	3
86	26	0	1.52649831	-1.48153215e-06	-1.59324995e-07	-1.48153215e-06	1.70130544e-06	1.40035794e-06	0.0103132403	0	0	0	0	0	3
87	27	0	1.54424829	4.63489711e-07	-1.18537357e-07	-1.48153215e-06	1.70130544e-06	1.34520572e-06	0.0103132624	0	0	0	0	0	3
88	27	0	1.56199827	-8.6430433e-07	-1.85482732e-07	-1.48153215e-06	1.70130544e-06	1.3294493e-06	0.0103132473	0	0	0	0	0	3
89	27	0	1.57974825	1.03384103e-06	-1.20674504e-07	-1.48153215e-06	1.70130544e-06	1.29751449e-06	0.0103132688	0	0	0	0	0	3
90	28	0	1.59749823	-8.75516556e-07	-1.6082266e-07	-1.48153215e-06	1.70130544e-06	1.29751449e-06	0.0103132472	0	0	0	0	0	3
91	28	0	1.61524821	1.98144894e-07	-1.2476937e-07	-1.48153215e-06	1.70130544e-06	1.24336889e-06	0.0103132593	0	0	0	0	0	3
92	28	0	1.63299819	-3.35026731e-07	-1.56550825e-07	-1.48153215e-06	1.70130544e-06	1.22055056e-06	0.0103132533	0	0	0	0	0	3
93	29	0	1.65074817	1.07316863e-06	-9.37443726e-08	-1.48153215e-06	1.70130544e-06	1.15999369e-06	0.0103132693	0	0	0	0	0	3
94	29	0	1.66849815	-8.96282724e-07	-1.39524665e-07	-1.48153215e-06	1.70130544e-06	1.12794071e-06	0.0103132469	0	0	0	0	0	3
95	29	0	1.68624813	2.77760986e-07	-9.11814894e-08	-1.48153215e-06	1.70130544e-06	1.08488208e-06	0.0103132602	0	0	0	0	0	3
96	30	0	1.70399811	-4.97871533e-07	-7.02384734e-08	-1.48153215e-06	1.70130544e-06	1.04030291e-06	0.0103132514	0	0	0	0	0	3
97	30	0	1.72174809	1.10125038e-06	-3.38079108e-09	-1.48153215e-06	1.70130544e-06	1.01346144e-06	0.0103132696	0	0	0	0	0	3
98	30	0	1.73949807	-9.96642039e-07	-6.6633009e-08	-1.48153215e-06	1.70130544e-06	9.74490416e-07	0.0103132458	0	0	0	0	0	3
99	31	0	1.75724805	-1.69189359e-07	-4.38453599e-08	-1.48153215e-06	1.70130544e-06	9.04258394e-07	0.0103132552	0	0	0	0	0	3
100	31	0	1.77499803	-4.55690663e-07	-5.92184737e-08	-1.48153215e-06	1.70130544e-06	8.57428805e-07	0.0103132519	0	0	0	0	0	3
101	32	0	1.79274801	1.07996952e-06	-4.82237606e-09	-1.48153215e-06	1.70130544e-06	7.45783014e-07	0.0103132694	0	0	0	0	0	3
102	32	0	1.81049799	-8.59057497e-07	-7.59399235e-08	-1.48153215e-06	1.70130544e-06	7.26614449e-07	0.0103132473	0	0	0	0	0	3
103	33	0	1.82824797	4.14715113e-07	-1.27093586e-08	-1.48153215e-06	1.70130544e-06	6.66270607e-07	0.0103132618	0	0	0	0	0	3
104	33	0	1.84599795	-5.24260587e-07	-3.55264264e-08	-1.48153215e-06	1.70130544e-06	6.00404233e-07	0.0103132511	0	0	0	0	0	3
