Iteration	CPUTime	PhysTime	Travels	Value	AvValue	MinValue	MaxValue	Delta	Criteria	Progress	dGMaxMin	CriteriaType	CriteriaVarType	CriteriaPercentage
1	2	0	0.0165246764	-1226439.35	-1226439.35	-1226439.35	-1226439.35	0	0	0	0	4.92386e+06	0	0	3
2	2	0	0.0330493528	-139968.349	-683203.849	-1226439.35	-139968.349	543235.499	0	0	0	5.12344e+06	0	0	3
3	3	0	0.0495740293	281036.314	-361790.461	-1226439.35	281036.314	864648.887	0	0	0	5.0533e+06	0	0	3
4	3	0	0.0660987057	382996.59	-175593.698	-1226439.35	382996.59	1050845.65	0	0	0	5.03989e+06	0	0	3
5	3	0	0.0826233821	371888.456	-66097.2674	-1226439.35	382996.59	1160342.08	0	0	0	5.13227e+06	0	0	3
6	4	0	0.0991480585	360853.164	5061.13792	-1226439.35	382996.59	1231500.49	0	0	0	4.82697e+06	0	0	3
7	4	0	0.115672735	356152.24	55217.0097	-1226439.35	382996.59	1281656.36	0	0	0	4.93106e+06	0	0	3
8	4	0	0.132197411	352764.511	92410.4474	-1226439.35	382996.59	1318849.8	0	0	0	4.68605e+06	0	0	3
9	4	0	0.148722088	357152.65	121826.248	-1226439.35	382996.59	1348265.6	0	0	0	4.61444e+06	0	0	3
10	5	0	0.165246764	356234.782	145267.101	-1226439.35	382996.59	1371706.45	0	0	0	4.23181e+06	0	0	3
11	5	0	0.181771441	355183.185	164350.382	-1226439.35	382996.59	1390789.73	0	0	0	4.15373e+06	0	0	3
12	5	0	0.198296117	351695.388	179962.465	-1226439.35	382996.59	1406401.81	0	0	0	3.83726e+06	0	0	3
13	6	0	0.214820794	352335.244	193221.91	-1226439.35	382996.59	1419661.26	0	0	0	3.7358e+06	0	0	3
14	6	0	0.23134547	352146.381	204573.658	-1226439.35	382996.59	1431013.01	0	0	0	3.38859e+06	0	0	3
15	6	0	0.247870146	353664.931	214513.076	-1226439.35	382996.59	1440952.42	0	0	0	3.31093e+06	0	0	3
16	6	0	0.264394823	354339.812	223252.247	-1226439.35	382996.59	1449691.59	0	0	0	3.14535e+06	0	0	3
17	7	0	0.280919499	353589.023	230919.116	-1226439.35	382996.59	1457358.46	0	0	0	3.10776e+06	0	0	3
18	7	0	0.297444176	353607.399	237735.132	-1226439.35	382996.59	1464174.48	0	0	0	3.10898e+06	0	0	3
19	7	0	0.313968852	353920.685	243850.161	-1226439.35	382996.59	1470289.51	0	0	0	3.06568e+06	0	0	3
20	7	0	0.330493528	353632.91	249339.299	-1226439.35	382996.59	1475778.65	0	0	0	3.05699e+06	0	0	3
21	8	0	0.347018205	353371.16	254293.197	-1226439.35	382996.59	1480732.54	0	0	0	3.00675e+06	0	0	3
22	8	0	0.363542881	353395.918	258797.866	-1226439.35	382996.59	1485237.21	0	0	0	3.02553e+06	0	0	3
23	8	0	0.380067558	353420.953	262911.913	-1226439.35	382996.59	1489351.26	0	0	0	2.96668e+06	0	0	3
24	9	0	0.396592234	353546.921	266688.372	-1226439.35	382996.59	1493127.72	0	0	0	2.98228e+06	0	0	3
25	9	0	0.413116911	353969.268	270179.608	-1226439.35	382996.59	1496618.96	0	0	0	2.9277e+06	0	0	3
26	9	0	0.429641587	354242.543	273412.797	-1226439.35	382996.59	1499852.15	0	0	0	2.97182e+06	0	0	3
27	9	0	0.446166263	353863.071	276392.437	-1226439.35	382996.59	1502831.79	0	0	0	2.90469e+06	0	0	3
28	10	0	0.46269094	353275.371	279138.256	-1226439.35	382996.59	1505577.6	0	0	0	2.9574e+06	0	0	3
29	10	0	0.479215616	352701.286	281674.912	-1226439.35	382996.59	1508114.26	0	0	0	2.88365e+06	0	0	3
30	10	0	0.495740293	352339.758	284030.407	-1226439.35	382996.59	1510469.76	0	0	0	2.9348e+06	0	0	3
31	11	0	0.512264969	350086.517	286161.25	-1226439.35	382996.59	1512600.6	0	0	0	2.85617e+06	0	0	3
32	11	0	0.528789646	348709.929	336972.517	-139968.349	382996.59	522964.939	0	0	0	2.9358e+06	0	0	3
33	11	0	0.545314322	347525.537	352698.126	281036.314	382996.59	101960.276	0	0	0	2.8418e+06	0	0	3
34	11	0	0.561838998	347348.764	354837.237	347348.764	382996.59	35647.8262	0	0	0	2.9152e+06	0	0	3
35	12	0	0.578363675	347010.46	353676.394	347010.46	371888.456	24877.9954	0	0	0	2.82667e+06	0	0	3
36	12	0	0.594888351	347084.607	352876.27	347010.46	360853.164	13842.704	0	0	0	2.90794e+06	0	0	3
37	12	0	0.611413028	345578.203	352383.529	345578.203	357152.65	11574.4476	0	0	0	2.81157e+06	0	0	3
38	13	0	0.627937704	344822.272	352018.046	344822.272	357152.65	12330.3788	0	0	0	2.90509e+06	0	0	3
39	13	0	0.644462381	343656.255	351724.232	343656.255	357152.65	13496.3953	0	0	0	2.80141e+06	0	0	3
40	13	0	0.660987057	343535.018	351284.953	343535.018	356234.782	12699.7645	0	0	0	2.88915e+06	0	0	3
41	13	0	0.677511733	341941.237	350823.871	341941.237	355183.185	13241.9476	0	0	0	2.78756e+06	0	0	3
42	14	0	0.69403641	341778.258	350391.454	341778.258	354339.812	12561.5549	0	0	0	2.89229e+06	0	0	3
43	14	0	0.710561086	341801.288	350072.29	341778.258	354339.812	12561.5549	0	0	0	2.77772e+06	0	0	3
44	14	0	0.727085763	342521.583	349755.72	341778.258	354339.812	12561.5549	0	0	0	2.8853e+06	0	0	3
45	15	0	0.743610439	342710.914	349451.35	341778.258	354339.812	12561.5549	0	0	0	2.77368e+06	0	0	3
46	15	0	0.760135116	344533.886	349156.8	341778.258	354339.812	12561.5549	0	0	0	2.8746e+06	0	0	3
47	15	0	0.776659792	344712.258	348846.234	341778.258	354242.543	12464.2856	0	0	0	2.76826e+06	0	0	3
48	16	0	0.793184468	344805.989	348562.91	341778.258	354242.543	12464.2856	0	0	0	2.86736e+06	0	0	3
49	16	0	0.809709145	343814.093	348246.997	341778.258	354242.543	12464.2856	0	0	0	2.7642e+06	0	0	3
50	16	0	0.826233821	343622.67	347914.803	341778.258	354242.543	12464.2856	0	0	0	2.86074e+06	0	0	3
51	16	0	0.842758498	342088.059	347542.389	341778.258	354242.543	12464.2856	0	0	0	2.7599e+06	0	0	3
52	17	0	0.859283174	341472.175	347158.55	341472.175	354242.543	12770.3678	0	0	0	2.85479e+06	0	0	3
53	17	0	0.875807851	341221.217	346765.818	341221.217	354242.543	13021.3261	0	0	0	2.75616e+06	0	0	3
54	17	0	0.892332527	341941.716	346395.52	341221.217	354242.543	13021.3261	0	0	0	2.84842e+06	0	0	3
55	18	0	0.908857203	342258.693	346031.384	341221.217	354242.543	13021.3261	0	0	0	2.75406e+06	0	0	3
56	18	0	0.92538188	343537.495	345694.875	341221.217	354242.543	13021.3261	0	0	0	2.84405e+06	0	0	3
57	18	0	0.941906556	343835.949	345359.178	341221.217	353863.071	12641.8538	0	0	0	2.75299e+06	0	0	3
58	19	0	0.958431233	343714.371	345031.801	341221.217	353275.371	12054.1536	0	0	0	2.84237e+06	0	0	3
59	19	0	0.974955909	343059.718	344702.264	341221.217	352701.286	11480.0692	0	0	0	2.75154e+06	0	0	3
60	19	0	0.991480585	342617.604	344376.984	341221.217	352339.758	11118.541	0	0	0	2.84036e+06	0	0	3
61	19	0	1.00800526	341599.57	344030.526	341221.217	350086.517	8865.2996	3058.80829	0	34.5	2.74806e+06	0	0	3
62	20	0	1.02452994	341134.197	343741.741	341134.197	348709.929	7575.73233	3058.80829	0	40.3	2.83681e+06	0	0	3
63	20	0	1.04105461	341561.009	343511.131	341134.197	347525.537	6391.34032	3058.80829	0	47.8	2.74667e+06	0	0	3
64	20	0	1.05757929	342647.808	343353.785	341134.197	347348.764	6214.56752	3058.80829	0	49.2	2.83369e+06	0	0	3
65	21	0	1.07410397	343726.07	343236.924	341134.197	347084.607	5950.41059	3058.80829	0	51.4	2.74343e+06	0	0	3
66	21	0	1.09062864	344052.14	343141.494	341134.197	347084.607	5950.41059	3058.80829	0	51.4	2.83029e+06	0	0	3
67	21	0	1.10715332	343990.643	343041.689	341134.197	345578.203	4444.00625	3058.80829	0	68.8	2.74254e+06	0	0	3
68	22	0	1.123678	344199.858	342997.226	341134.197	344822.272	3688.07512	3058.80829	0	82.9	2.82893e+06	0	0	3
69	22	0	1.14020267	343790.025	342963.928	341134.197	344805.989	3671.792	3058.80829	0	83.3	2.73978e+06	0	0	3
70	22	0	1.15672735	343563.591	342960.939	341134.197	344805.989	3671.792	3058.80829	0	83.3	2.82762e+06	0	0	3
71	23	0	1.17325203	343618.229	342963.623	341134.197	344805.989	3671.792	3058.80829	0	83.3	2.73752e+06	0	0	3
72	23	0	1.1897767	344071.349	343032.336	341134.197	344805.989	3671.792	3058.80829	0	83.3	2.82406e+06	0	0	3
73	23	0	1.20630138	343794.053	343097.362	341134.197	344805.989	3671.792	3058.80829	0	83.3	2.73726e+06	0	0	3
74	24	0	1.22282606	343792.064	343161.581	341134.197	344805.989	3671.792	3058.80829	0	83.3	2.8221e+06	0	0	3
75	24	0	1.23935073	343795.039	343202.66	341134.197	344805.989	3671.792	3058.80829	0	83.3	2.73619e+06	0	0	3
76	24	0	1.25587541	343998.176	343244.184	341134.197	344805.989	3671.792	3058.80829	0	83.3	2.82094e+06	0	0	3
77	25	0	1.27240008	343685.834	343216.828	341134.197	344805.989	3671.792	3058.80829	0	83.3	2.73484e+06	0	0	3
78	25	0	1.28892476	343844.942	343188.85	341134.197	344805.989	3671.792	3058.80829	0	83.3	2.81895e+06	0	0	3
79	26	0	1.30544944	343737.121	343154.37	341134.197	344199.858	3065.66191	3058.80829	0	99.7	2.73538e+06	0	0	3
80	26	0	1.32197411	343759.132	343152.597	341134.197	344199.858	3065.66191	3058.80829	0	99.7	2.81798e+06	0	0	3
81	26	0	1.33849879	343834.431	343159.428	341134.197	344199.858	3065.66191	3058.80829	0	99.7	2.73429e+06	0	0	3
82	27	0	1.35502347	343935.645	343219.028	341134.197	344199.858	3065.66191	3058.80829	0	99.7	2.81775e+06	0	0	3
83	27	0	1.37154814	343540.914	343285.761	341134.197	344199.858	3065.66191	3058.80829	0	99.7	2.73414e+06	0	0	3
84	27	0	1.38807282	343861.266	343370.924	341134.197	344199.858	3065.66191	3058.80829	0	99.7	2.81474e+06	0	0	3
85	28	0	1.4045975	343848.385	343432.43	341134.197	344199.858	3065.66191	3058.80829	0	99.7	2.73279e+06	0	0	3
86	28	0	1.42112217	343687.799	343478.53	341134.197	344199.858	2733.93612	3058.80829	0	100	2.81378e+06	0	0	3
