Iteration	CPUTime	PhysTime	Travels	Value	AvValue	MinValue	MaxValue	Delta	Criteria	Progress	dGMaxMin	CriteriaType	CriteriaVarType	CriteriaPercentage
1	2	0	0.0165246764	30.4035161	30.4035161	30.4035161	30.4035161	0	0	0	0	47.998	0	0	3
2	2	0	0.0330493528	30.1830295	30.2932728	30.1830295	30.4035161	0.110243312	0	0	0	45.8325	0	0	3
3	3	0	0.0495740293	30.0265335	30.2043597	30.0265335	30.4035161	0.199156395	0	0	0	44.3513	0	0	3
4	3	0	0.0660987057	29.9091257	30.1305512	29.9091257	30.4035161	0.272964906	0	0	0	43.3252	0	0	3
5	3	0	0.0826233821	29.8147016	30.0673813	29.8147016	30.4035161	0.336134818	0	0	0	42.0211	0	0	3
6	4	0	0.0991480585	29.6964984	30.0055675	29.6964984	30.4035161	0.39794863	0	0	0	40.0286	0	0	3
7	4	0	0.115672735	29.5977702	29.9473107	29.5977702	30.4035161	0.456205378	0	0	0	37.8488	0	0	3
8	4	0	0.132197411	29.5239698	29.8943931	29.5239698	30.4035161	0.509122996	0	0	0	39.366	0	0	3
9	4	0	0.148722088	29.4680398	29.8470205	29.4680398	30.4035161	0.556495586	0	0	0	41.0192	0	0	3
10	5	0	0.165246764	29.419546	29.8042731	29.419546	30.4035161	0.59924304	0	0	0	42.3235	0	0	3
11	5	0	0.181771441	29.3696941	29.7647659	29.3696941	30.4035161	0.638750222	0	0	0	43.7526	0	0	3
12	5	0	0.198296117	29.332827	29.728771	29.332827	30.4035161	0.674745128	0	0	0	44.7534	0	0	3
13	6	0	0.214820794	29.311865	29.6967013	29.311865	30.4035161	0.706814818	0	0	0	45.4452	0	0	3
14	6	0	0.23134547	29.2996691	29.6683418	29.2996691	30.4035161	0.735174258	0	0	0	45.8847	0	0	3
15	6	0	0.247870146	29.2936573	29.6433629	29.2936573	30.4035161	0.76015323	0	0	0	46.1739	0	0	3
16	6	0	0.264394823	29.2939153	29.6215224	29.2936573	30.4035161	0.781993701	0	0	0	46.4133	0	0	3
17	7	0	0.280919499	29.3036106	29.6028217	29.2936573	30.4035161	0.800694393	0	0	0	46.5411	0	0	3
18	7	0	0.297444176	29.3134462	29.5867453	29.2936573	30.4035161	0.816770807	0	0	0	46.6244	0	0	3
19	7	0	0.313968852	29.3255534	29.5729984	29.2936573	30.4035161	0.830517748	0	0	0	46.6896	0	0	3
20	7	0	0.330493528	29.3340264	29.5610498	29.2936573	30.4035161	0.842466344	0	0	0	46.75	0	0	3
21	8	0	0.347018205	29.3450072	29.550762	29.2936573	30.4035161	0.852754087	0	0	0	46.7564	0	0	3
22	8	0	0.363542881	29.35144	29.5417019	29.2936573	30.4035161	0.861814177	0	0	0	46.7585	0	0	3
23	8	0	0.380067558	29.3591013	29.5337628	29.2936573	30.4035161	0.869753334	0	0	0	46.7216	0	0	3
24	9	0	0.396592234	29.3552268	29.5263238	29.2936573	30.4035161	0.877192334	0	0	0	46.597	0	0	3
25	9	0	0.413116911	29.3515437	29.5193326	29.2936573	30.4035161	0.884183537	0	0	0	46.5772	0	0	3
26	9	0	0.429641587	29.3555055	29.5130315	29.2936573	30.4035161	0.890484577	0	0	0	46.4082	0	0	3
27	9	0	0.446166263	29.3646585	29.5075362	29.2936573	30.4035161	0.895979876	0	0	0	46.36	0	0	3
28	10	0	0.46269094	29.3671086	29.502521	29.2936573	30.4035161	0.900995148	0	0	0	46.2571	0	0	3
29	10	0	0.479215616	29.3677605	29.497874	29.2936573	30.4035161	0.905642062	0	0	0	46.148	0	0	3
30	10	0	0.495740293	29.3733154	29.4937221	29.2936573	30.4035161	0.909794017	0	0	0	46.058	0	0	3
31	11	0	0.512264969	29.372964	29.4898267	29.2936573	30.4035161	0.913689441	0	0	0	45.9335	0	0	3
32	11	0	0.528789646	29.3806268	29.4568302	29.2936573	30.1830295	0.836442558	0	0	0	45.8407	0	0	3
33	11	0	0.545314322	29.3731843	29.4307062	29.2936573	30.0265335	0.732876284	0	0	0	45.7485	0	0	3
34	11	0	0.561838998	29.3782799	29.4097948	29.2936573	29.9091257	0.615468404	0	0	0	45.6765	0	0	3
35	12	0	0.578363675	29.3699112	29.3924008	29.2936573	29.8147016	0.521044379	0	0	0	45.5358	0	0	3
36	12	0	0.594888351	29.3794185	29.3783594	29.2936573	29.6964984	0.402841153	0	0	0	45.4593	0	0	3
37	12	0	0.611413028	29.367641	29.3677511	29.2936573	29.5977702	0.304112977	0	0	0	45.3967	0	0	3
38	13	0	0.627937704	29.3788994	29.3606907	29.2936573	29.5239698	0.230312523	0	0	0	45.4435	0	0	3
39	13	0	0.644462381	29.3638285	29.3555249	29.2936573	29.4680398	0.174382537	0	0	0	45.3077	0	0	3
40	13	0	0.660987057	29.370545	29.3523799	29.2936573	29.419546	0.125888723	0	0	0	45.2772	0	0	3
41	13	0	0.677511733	29.3560116	29.3503304	29.2936573	29.3806268	0.0869695388	0	0	0	45.2314	0	0	3
42	14	0	0.69403641	29.3669808	29.3502429	29.2936573	29.3806268	0.0869695388	0	0	0	45.3166	0	0	3
43	14	0	0.710561086	29.3488891	29.350761	29.2936573	29.3806268	0.0869695388	0	0	0	45.3138	0	0	3
44	14	0	0.727085763	29.3595565	29.3522994	29.2936573	29.3806268	0.0869695388	0	0	0	45.35	0	0	3
45	15	0	0.743610439	29.345079	29.3537643	29.2936573	29.3806268	0.0869695388	0	0	0	45.3104	0	0	3
46	15	0	0.760135116	29.3570965	29.3558107	29.2939153	29.3806268	0.0867114596	0	0	0	45.3034	0	0	3
47	15	0	0.776659792	29.3436127	29.3574138	29.3036106	29.3806268	0.0770161512	0	0	0	45.2684	0	0	3
48	16	0	0.793184468	29.3550536	29.3590733	29.3134462	29.3806268	0.0671805469	0	0	0	45.3063	0	0	3
49	16	0	0.809709145	29.340987	29.3599617	29.3255534	29.3806268	0.0550733821	0	0	0	45.2406	0	0	3
50	16	0	0.826233821	29.3531746	29.3608527	29.3340264	29.3806268	0.0466003574	0	0	0	45.2366	0	0	3
51	16	0	0.842758498	29.3390533	29.3610149	29.3390533	29.3806268	0.0415735308	0	0	0	45.1774	0	0	3
52	17	0	0.859283174	29.348551	29.3611292	29.3390533	29.3806268	0.0415735308	0	0	0	45.1988	0	0	3
53	17	0	0.875807851	29.3345211	29.3605834	29.3345211	29.3806268	0.0461056885	0	0	0	45.1195	0	0	3
54	17	0	0.892332527	29.3459247	29.3601584	29.3345211	29.3806268	0.0461056885	0	0	0	45.1265	0	0	3
55	18	0	0.908857203	29.3333824	29.3594537	29.3333824	29.3806268	0.047244367	0	0	0	45.0613	0	0	3
56	18	0	0.92538188	29.3441181	29.3592142	29.3333824	29.3806268	0.047244367	0	0	0	45.0801	0	0	3
57	18	0	0.941906556	29.3318416	29.3584508	29.3318416	29.3806268	0.048785241	0	0	0	44.9675	0	0	3
58	19	0	0.958431233	29.3431093	29.3577557	29.3318416	29.3806268	0.048785241	0	0	0	44.9516	0	0	3
59	19	0	0.974955909	29.3314201	29.3566044	29.3314201	29.3806268	0.0492067449	0	0	0	44.9267	0	0	3
60	19	0	0.991480585	29.3418867	29.3557698	29.3314201	29.3806268	0.0492067449	0	0	0	44.9542	0	0	3
61	19	0	1.00800526	29.3332076	29.354476	29.3314201	29.3806268	0.0492067449	0.0219862885	0	44.6	44.9048	0	0	3
62	20	0	1.02452994	29.340148	29.3534174	29.3314201	29.3806268	0.0492067449	0.0219862885	0	44.6	44.982	0	0	3
63	20	0	1.04105461	29.3305281	29.3518013	29.3305281	29.3794185	0.0488904523	0.0219862885	0	44.9	44.8968	0	0	3
64	20	0	1.05757929	29.3399898	29.3507305	29.3305281	29.3794185	0.0488904523	0.0219862885	0	44.9	44.8989	0	0	3
65	21	0	1.07410397	29.3296184	29.3491608	29.3296184	29.3794185	0.0432399596	0.0219862885	0	50.8	44.8636	0	0	3
66	21	0	1.09062864	29.3382275	29.3481388	29.3296184	29.3794185	0.0302206246	0.0219862885	0	72.7	44.8779	0	0	3
67	21	0	1.10715332	29.3295574	29.3465303	29.3295574	29.3788994	0.0212207421	0.0219862885	0	100	44.8921	0	0	3
68	22	0	1.123678	29.3388713	29.3456023	29.3295574	29.3788994	0.0155268981	0.0219862885	0	100	44.8329	0	0	3
69	22	0	1.14020267	29.3285281	29.3439774	29.3285281	29.370545	0.0171517798	0.0219862885	0	100	44.8141	0	0	3
70	22	0	1.15672735	29.3389831	29.3431759	29.3285281	29.370545	0.0179532449	0.0219862885	0	100	44.8637	0	0	3
71	23	0	1.17325203	29.3294611	29.3418506	29.3285281	29.3669808	0.0192785326	0.0219862885	0	100	44.802	0	0	3
72	23	0	1.1897767	29.3371871	29.3412434	29.3285281	29.3669808	0.0198857745	0.0219862885	0	100	44.8804	0	0	3
73	23	0	1.20630138	29.3284385	29.3400001	29.3284385	29.3595565	0.0211290736	0.0219862885	0	100	44.7863	0	0	3
74	24	0	1.22282606	29.3387192	29.339672	29.3284385	29.3595565	0.0214571347	0.0219862885	0	100	44.7963	0	0	3
75	24	0	1.23935073	29.3283809	29.3386664	29.3283809	29.3570965	0.0224627993	0.0219862885	0	97.8	44.7675	0	0	3
76	24	0	1.25587541	29.3400806	29.3385051	29.3283809	29.3570965	0.0226240362	0.0219862885	0	97.1	44.8245	0	0	3
77	25	0	1.27240008	29.3289074	29.3375958	29.3283809	29.3550536	0.0235333612	0.0219862885	0	93.4	44.8475	0	0	3
78	25	0	1.28892476	29.3391251	29.3374511	29.3283809	29.3550536	0.0236781224	0.0219862885	0	92.8	44.8385	0	0	3
79	26	0	1.30544944	29.328479	29.3365938	29.3283809	29.3531746	0.0245353681	0.0219862885	0	89.6	44.8216	0	0	3
80	26	0	1.32197411	29.3399518	29.3365604	29.3283809	29.3531746	0.0245687611	0.0219862885	0	89.4	44.8375	0	0	3
81	26	0	1.33849879	29.3279868	29.3357479	29.3279868	29.348551	0.0205642161	0.0219862885	0	100	44.8259	0	0	3
82	27	0	1.35502347	29.3371897	29.3356878	29.3279868	29.348551	0.0205642161	0.0219862885	0	100	44.9077	0	0	3
83	27	0	1.37154814	29.330939	29.3351197	29.3279868	29.3459247	0.0179378677	0.0219862885	0	100	44.823	0	0	3
84	27	0	1.38807282	29.3399165	29.3352937	29.3279868	29.3459247	0.0179378677	0.0219862885	0	100	44.8209	0	0	3
85	28	0	1.4045975	29.329044	29.3347492	29.3279868	29.3441181	0.0161313038	0.0219862885	0	100	44.7902	0	0	3
86	28	0	1.42112217	29.3392884	29.3349397	29.3279868	29.3441181	0.0161313038	0.0219862885	0	100	44.8209	0	0	3
