Iteration	CPUTime	PhysTime	Travels	Value	AvValue	MinValue	MaxValue	Delta	Criteria	Progress	dGMaxMin	CriteriaType	CriteriaVarType	CriteriaPercentage
1	1	0	0.0195926418	5331234.55	5331234.55	5331234.55	5331234.55	0	0	0	0	5.88747e+06	0	0	3
2	1	0	0.0391852837	863769.987	3097502.27	863769.987	5331234.55	2233732.28	0	0	0	2.54601e+06	0	0	3
3	2	0	0.0587779255	738034.428	2311012.99	738034.428	5331234.55	3020221.56	0	0	0	1.7825e+06	0	0	3
4	2	0	0.0783705673	511613.514	1861163.12	511613.514	5331234.55	3470071.43	0	0	0	1.29211e+06	0	0	3
5	2	0	0.0979632091	538611.058	1596652.71	511613.514	5331234.55	3734581.84	0	0	0	1.14036e+06	0	0	3
6	2	0	0.117555851	465690.23	1408158.96	465690.23	5331234.55	3923075.59	0	0	0	1.05831e+06	0	0	3
7	2	0	0.137148493	465139.851	1273441.95	465139.851	5331234.55	4057792.6	0	0	0	1.05635e+06	0	0	3
8	3	0	0.156741135	416721.693	1166351.91	416721.693	5331234.55	4164882.63	0	0	0	1.04805e+06	0	0	3
9	3	0	0.176333776	407427.621	1082026.99	407427.621	5331234.55	4249207.56	0	0	0	1.03796e+06	0	0	3
10	3	0	0.195926418	389324.381	1012756.73	389324.381	5331234.55	4318477.82	0	0	0	1.0321e+06	0	0	3
11	3	0	0.21551906	383912.059	955589.034	383912.059	5331234.55	4375645.51	0	0	0	1.01973e+06	0	0	3
12	4	0	0.235111702	378233.207	907476.048	378233.207	5331234.55	4423758.5	0	0	0	1.00548e+06	0	0	3
13	4	0	0.254704344	376423.545	866625.855	376423.545	5331234.55	4464608.69	0	0	0	992111	0	0	3
14	4	0	0.274296986	376767.627	831635.982	376423.545	5331234.55	4499598.57	0	0	0	989139	0	0	3
15	4	0	0.293889627	379583.443	801499.146	376423.545	5331234.55	4529735.4	0	0	0	986661	0	0	3
16	4	0	0.313482269	382778.288	775329.092	376423.545	5331234.55	4555905.45	0	0	0	977787	0	0	3
17	5	0	0.333074911	386983.005	752485.205	376423.545	5331234.55	4578749.34	0	0	0	978203	0	0	3
18	5	0	0.352667553	393938.931	732565.967	376423.545	5331234.55	4598668.58	0	0	0	981975	0	0	3
19	5	0	0.372260195	399217.729	715021.323	376423.545	5331234.55	4616213.22	0	0	0	984209	0	0	3
20	5	0	0.391852837	407478.755	699644.195	376423.545	5331234.55	4631590.35	0	0	0	988760	0	0	3
21	5	0	0.411445478	413178.389	686002.966	376423.545	5331234.55	4645231.58	0	0	0	993758	0	0	3
22	6	0	0.43103812	422741.862	674036.552	376423.545	5331234.55	4657198	0	0	0	1.00173e+06	0	0	3
23	6	0	0.450630762	431491.321	663491.107	376423.545	5331234.55	4667743.44	0	0	0	1.01352e+06	0	0	3
24	6	0	0.470223404	442725.972	654292.56	376423.545	5331234.55	4676941.99	0	0	0	1.03067e+06	0	0	3
25	6	0	0.489816046	452137.412	646206.354	376423.545	5331234.55	4685028.19	0	0	0	1.04379e+06	0	0	3
26	6	0	0.509408688	460622.082	639068.498	376423.545	5331234.55	4692166.05	0	0	0	1.0632e+06	0	0	3
27	7	0	0.529001329	471945.646	452172.771	376423.545	863769.987	487346.443	0	0	0	1.08424e+06	0	0	3
28	7	0	0.548593971	485323.552	437617.138	376423.545	738034.428	361610.884	0	0	0	1.10456e+06	0	0	3
29	7	0	0.568186613	498147.643	428390.724	376423.545	538611.058	162187.514	0	0	0	1.12309e+06	0	0	3
30	7	0	0.587779255	512239.224	428414.789	376423.545	538611.058	162187.514	0	0	0	1.14164e+06	0	0	3
31	7	0	0.607371897	521668.562	427763.155	376423.545	521668.562	145245.017	0	0	0	1.1678e+06	0	0	3
32	8	0	0.626964539	534863.252	430423.656	376423.545	534863.252	158439.707	0	0	0	1.20285e+06	0	0	3
33	8	0	0.64655718	547614.937	433595.774	376423.545	547614.937	171191.393	0	0	0	1.23776e+06	0	0	3
34	8	0	0.666149822	560741.599	439135.002	376423.545	560741.599	184318.054	0	0	0	1.27393e+06	0	0	3
35	8	0	0.685742464	572792.446	445495.187	376423.545	572792.446	196368.902	0	0	0	1.3102e+06	0	0	3
36	8	0	0.705335106	579361.028	452804.289	376423.545	579361.028	202937.484	0	0	0	1.34487e+06	0	0	3
37	9	0	0.724927748	586371.181	460591.178	376423.545	586371.181	209947.636	0	0	0	1.3757e+06	0	0	3
38	9	0	0.744520389	592812.346	468844.222	376423.545	592812.346	216388.801	0	0	0	1.4127e+06	0	0	3
39	9	0	0.764113031	599113.871	477409.235	376767.627	599113.871	222346.244	0	0	0	1.43857e+06	0	0	3
40	9	0	0.783705673	604567.153	486170.755	379583.443	604567.153	224983.71	0	0	0	1.46821e+06	0	0	3
41	9	0	0.803298315	606367.871	494893.233	382778.288	606367.871	223589.583	0	0	0	1.48408e+06	0	0	3
42	10	0	0.822890957	608350.011	503569.068	386983.005	608350.011	221367.006	0	0	0	1.49038e+06	0	0	3
43	10	0	0.842483599	610484.391	512165.276	393938.931	610484.391	216545.461	0	0	0	1.5084e+06	0	0	3
44	10	0	0.86207624	613008.338	520591.022	399217.729	613008.338	213790.61	0	0	0	1.52719e+06	0	0	3
45	10	0	0.881668882	615008.978	528890.685	407478.755	615008.978	207530.223	0	0	0	1.54285e+06	0	0	3
46	11	0	0.901261524	618262.946	536997.77	413178.389	618262.946	205084.557	0	0	0	1.55763e+06	0	0	3
47	11	0	0.920854166	621397.45	545006.195	422741.862	621397.45	198655.588	0	0	0	1.56962e+06	0	0	3
48	11	0	0.940446808	624550.27	552768.057	431491.321	624550.27	193058.949	0	0	0	1.58223e+06	0	0	3
49	11	0	0.96003945	627292.129	560298.857	442725.972	627292.129	184566.157	0	0	0	1.59177e+06	0	0	3
50	11	0	0.979632091	630259.523	567511.686	452137.412	630259.523	178122.112	0	0	0	1.60423e+06	0	0	3
51	12	0	0.999224733	632352.064	574443.019	460622.082	632352.064	171729.983	0	0	0	1.61731e+06	0	0	3
52	12	0	1.01881738	634624.164	581135.407	471945.646	634624.164	153372.252	10848.3265	0	7	1.62915e+06	0	0	3
53	12	0	1.03841002	636106.121	587449.271	485323.552	636106.121	150782.569	10848.3265	0	7.1	1.64004e+06	0	0	3
54	12	0	1.05800266	637758.277	593312.145	498147.643	637758.277	139610.634	10848.3265	0	7.7	1.65005e+06	0	0	3
55	13	0	1.0775953	638770.174	598720.704	512239.224	638770.174	126530.95	10848.3265	0	8.5	1.66016e+06	0	0	3
56	13	0	1.09718794	640118.208	603639.127	521668.562	640118.208	118449.646	10848.3265	0	9.1	1.66957e+06	0	0	3
57	13	0	1.11678058	641001.413	608228.852	534863.252	641001.413	106138.162	10848.3265	0	10.2	1.67913e+06	0	0	3
58	13	0	1.13637323	642380.15	612364.117	547614.937	642380.15	94765.2131	10848.3265	0	11.4	1.68758e+06	0	0	3
59	14	0	1.15596587	643367.777	616046.918	560741.599	643367.777	82626.1776	10848.3265	0	13.1	1.69635e+06	0	0	3
60	14	0	1.17555851	644673.702	619275.076	572792.446	644673.702	71881.2561	10848.3265	0	15	1.70395e+06	0	0	3
61	14	0	1.19515115	646184.326	622097.841	579361.028	646184.326	66823.2976	10848.3265	0	16.2	1.7091e+06	0	0	3
62	14	0	1.21474379	647919.591	624734.709	586371.181	647919.591	61548.4101	10848.3265	0	17.6	1.71478e+06	0	0	3
63	15	0	1.23433644	649447.301	627160.713	592812.346	649447.301	56634.9549	10848.3265	0	19.1	1.72097e+06	0	0	3
64	15	0	1.25392908	651500.928	629417.966	599113.871	651500.928	52387.0575	10848.3265	0	20.7	1.7265e+06	0	0	3
65	15	0	1.27352172	652951.831	631488.657	604567.153	652951.831	48384.678	10848.3265	0	22.4	1.73213e+06	0	0	3
66	15	0	1.29311436	655066.421	633430.937	606367.871	655066.421	48698.5496	10848.3265	0	22.2	1.73675e+06	0	0	3
67	16	0	1.312707	656424.09	635356.176	608350.011	656424.09	48074.0798	10848.3265	0	22.5	1.74166e+06	0	0	3
68	16	0	1.33229964	658560.071	637287.332	610484.391	658560.071	48075.6798	10848.3265	0	22.5	1.74575e+06	0	0	3
69	16	0	1.35189229	659836.587	639185.493	613008.338	659836.587	46828.2481	10848.3265	0	23.1	1.75005e+06	0	0	3
70	16	0	1.37148493	661582.632	641053.736	615008.978	661582.632	46573.654	10848.3265	0	23.2	1.7535e+06	0	0	3
71	17	0	1.39107757	662689.388	642887.597	618262.946	662689.388	44426.4421	10848.3265	0	24.4	1.75692e+06	0	0	3
72	17	0	1.41067021	665319.562	644697.467	621397.45	665319.562	43922.1127	10848.3265	0	24.6	1.75973e+06	0	0	3
73	17	0	1.43026285	666335.586	646425.857	624550.27	666335.586	41785.3164	10848.3265	0	25.9	1.76388e+06	0	0	3
74	17	0	1.4498555	668386.229	648111.856	627292.129	668386.229	41094.1001	10848.3265	0	26.3	1.76666e+06	0	0	3
75	18	0	1.46944814	668700.449	649704.483	630259.523	668700.449	38440.9251	10848.3265	0	28.2	1.77057e+06	0	0	3
76	18	0	1.48904078	670509.781	651252.57	632352.064	670509.781	38157.717	10848.3265	0	28.4	1.77247e+06	0	0	3
77	18	0	1.50863342	670509.899	652720.179	634624.164	670509.899	35885.7346	10848.3265	0	30.2	1.77582e+06	0	0	3
78	18	0	1.52822606	672217.652	654166.083	636106.121	672217.652	36111.531	10848.3265	0	30	1.77739e+06	0	0	3
79	19	0	1.5478187	672503.482	655565.981	637758.277	672503.482	34745.2052	10848.3265	0	31.2	1.78047e+06	0	0	3
80	19	0	1.56741135	674259.738	656969.883	638770.174	674259.738	35489.5641	10848.3265	0	30.5	1.78229e+06	0	0	3
81	19	0	1.58700399	674627.961	658349.029	640118.208	674627.961	34509.753	10848.3265	0	31.4	1.78571e+06	0	0	3
82	19	0	1.60659663	676362.579	659743.043	641001.413	676362.579	35361.1658	10848.3265	0	30.6	1.78705e+06	0	0	3
83	20	0	1.62618927	676510.482	661108.777	642380.15	676510.482	34130.3314	10848.3265	0	31.7	1.79012e+06	0	0	3
84	20	0	1.64578191	678212.975	662486.962	643367.777	678212.975	34845.1982	10848.3265	0	31.1	1.79102e+06	0	0	3
85	20	0	1.66537456	678245.863	663828.427	644673.702	678245.863	33572.1607	10848.3265	0	32.3	1.7939e+06	0	0	3
86	20	0	1.6849672	679977.437	665186.263	646184.326	679977.437	33793.1115	10848.3265	0	32.1	1.79479e+06	0	0	3
87	21	0	1.70455984	680325.971	666499.403	647919.591	680325.971	32406.3808	10848.3265	0	33.4	1.79745e+06	0	0	3
88	21	0	1.72415248	681903.092	667806.461	649447.301	681903.092	32455.7905	10848.3265	0	33.4	1.79867e+06	0	0	3
89	21	0	1.74374512	682510.808	669078.134	651500.928	682510.808	31009.8801	10848.3265	0	34.9	1.80138e+06	0	0	3
90	21	0	1.76333776	683866.034	670322.946	652951.831	683866.034	30914.2035	10848.3265	0	35	1.803e+06	0	0	3
91	21	0	1.78293041	684670.183	671542.883	655066.421	684670.183	29603.7615	10848.3265	0	36.6	1.80473e+06	0	0	3
92	22	0	1.80252305	685583.889	672716.632	656424.09	685583.889	29159.7982	10848.3265	0	37.2	1.80697e+06	0	0	3
93	22	0	1.82211569	686617.424	673877.914	658560.071	686617.424	28057.3526	10848.3265	0	38.6	1.80886e+06	0	0	3
94	22	0	1.84170833	687499.018	674990.95	659836.587	687499.018	27662.4315	10848.3265	0	39.2	1.81075e+06	0	0	3
95	22	0	1.86130097	688278.029	676084.852	661582.632	688278.029	26695.3973	10848.3265	0	40.6	1.813e+06	0	0	3
96	23	0	1.88089362	689470.751	677157.472	662689.388	689470.751	26781.3634	10848.3265	0	40.5	1.8142e+06	0	0	3
97	23	0	1.90048626	690543.401	678228.78	665319.562	690543.401	25223.8384	10848.3265	0	43	1.81654e+06	0	0	3
98	23	0	1.9200789	691985.246	679254.383	666335.586	691985.246	25649.6602	10848.3265	0	42.2	1.81789e+06	0	0	3
99	23	0	1.93967154	692525.999	680261.707	668386.229	692525.999	24139.7695	10848.3265	0	44.9	1.82031e+06	0	0	3
100	24	0	1.95926418	693475.311	681226.671	668700.449	693475.311	24774.863	10848.3265	0	43.7	1.82167e+06	0	0	3
101	24	0	1.97885682	694193.792	682207.185	670509.781	694193.792	23684.0109	10848.3265	0	45.8	1.82397e+06	0	0	3
102	25	0	1.99844947	695512.362	683168.822	670509.899	695512.362	25002.4636	10848.3265	0	43.3	1.82525e+06	0	0	3
103	25	0	2.01804211	696213.121	684157.408	672217.652	696213.121	23995.4691	10848.3265	0	45.2	1.82766e+06	0	0	3
104	25	0	2.03763475	696666.507	685097.748	672503.482	696666.507	24163.0255	10848.3265	0	44.8	1.82906e+06	0	0	3
105	25	0	2.05722739	697417.96	686055.997	674259.738	697417.96	23158.2217	10848.3265	0	46.8	1.83112e+06	0	0	3
106	26	0	2.07682003	698587.893	686991.696	674627.961	698587.893	23959.9318	10848.3265	0	45.2	1.83219e+06	0	0	3
107	26	0	2.09641268	699533.793	687949.612	676362.579	699533.793	23171.2135	10848.3265	0	46.8	1.83452e+06	0	0	3
108	26	0	2.11600532	700565.816	688880.506	676510.482	700565.816	24055.3345	10848.3265	0	45	1.83613e+06	0	0	3
109	26	0	2.13559796	700924.695	689819.514	678212.975	700924.695	22711.7206	10848.3265	0	47.7	1.83819e+06	0	0	3
110	26	0	2.1551906	701542.544	690716.805	678245.863	701542.544	23296.6808	10848.3265	0	46.5	1.83954e+06	0	0	3
111	27	0	2.17478324	702298.862	691641.921	679977.437	702298.862	22321.4243	10848.3265	0	48.6	1.84152e+06	0	0	3
112	27	0	2.19437588	702969.109	692526.216	680325.971	702969.109	22643.1375	10848.3265	0	47.9	1.84268e+06	0	0	3
113	27	0	2.21396853	703071.361	693401.038	681903.092	703071.361	21168.2694	10848.3265	0	51.2	1.84466e+06	0	0	3
114	27	0	2.23356117	703568.796	694234.335	682510.808	703568.796	21057.9879	10848.3265	0	51.5	1.84568e+06	0	0	3
115	28	0	2.25315381	704439.357	695077.741	683866.034	704439.357	20573.3224	10848.3265	0	52.7	1.84745e+06	0	0	3
116	28	0	2.27274645	704897.351	695886.637	684670.183	704897.351	20227.1688	10848.3265	0	53.6	1.84836e+06	0	0	3
117	28	0	2.29233909	705640.657	696693.194	685583.889	705640.657	20056.7681	10848.3265	0	54	1.84998e+06	0	0	3
118	28	0	2.31193174	706059.417	697480.714	686617.424	706059.417	19441.9935	10848.3265	0	55.7	1.85107e+06	0	0	3
119	29	0	2.33152438	706540.802	698246.998	687499.018	706540.802	19041.7836	10848.3265	0	56.9	1.85246e+06	0	0	3
120	29	0	2.35111702	707006.667	698997.292	688278.029	707006.667	18728.6376	10848.3265	0	57.9	1.85321e+06	0	0	3
121	29	0	2.37070966	707313.306	699729.418	689470.751	707313.306	17842.5547	10848.3265	0	60.8	1.85454e+06	0	0	3
122	29	0	2.3903023	707581.868	700426	690543.401	707581.868	17038.4672	10848.3265	0	63.6	1.8555e+06	0	0	3
123	30	0	2.40989494	707916.605	701094.2	691985.246	707916.605	15931.3585	10848.3265	0	68	1.85708e+06	0	0	3
124	30	0	2.42948759	708350.854	701723.646	692525.999	708350.854	15824.8551	10848.3265	0	68.5	1.85746e+06	0	0	3
125	30	0	2.44908023	708653.716	702343.943	693475.311	708653.716	15178.4048	10848.3265	0	71.4	1.85886e+06	0	0	3
126	30	0	2.46867287	709243.731	702950.421	694193.792	709243.731	15049.9391	10848.3265	0	72	1.85949e+06	0	0	3
127	30	0	2.48826551	709845.77	703552.42	695512.362	709845.77	14333.4073	10848.3265	0	75.6	1.86042e+06	0	0	3
128	31	0	2.50785815	710203.749	704117.473	696213.121	710203.749	13990.6275	10848.3265	0	77.5	1.86084e+06	0	0	3
129	31	0	2.5274508	710540.389	704668.522	696666.507	710540.389	13873.8818	10848.3265	0	78.1	1.86158e+06	0	0	3
130	31	0	2.54704344	710725.748	705209.262	697417.96	710725.748	13307.7881	10848.3265	0	81.5	1.8619e+06	0	0	3
131	31	0	2.56663608	710805.127	705724.153	698587.893	710805.127	12217.2347	10848.3265	0	88.7	1.86272e+06	0	0	3
132	32	0	2.58622872	711254.987	706211.349	699533.793	711254.987	11721.1944	10848.3265	0	92.5	1.86301e+06	0	0	3
133	32	0	2.60582136	711292.18	706663.595	700565.816	711292.18	10726.3638	10848.3265	0	100	1.86395e+06	0	0	3
