Iteration	CPUTime	PhysTime	Travels	Value	AvValue	MinValue	MaxValue	Delta	Criteria	Progress	dGMaxMin	CriteriaType	CriteriaVarType	CriteriaPercentage
1	1	0	0.0195926418	0	0	0	0	0	0	0	0	0	0	0	3
2	1	0	0.0391852837	0	0	0	0	0	0	0	0	0	0	0	3
3	2	0	0.0587779255	0	0	0	0	0	0	0	0	0	0	0	3
4	2	0	0.0783705673	0	0	0	0	0	0	0	0	0	0	0	3
5	2	0	0.0979632091	0	0	0	0	0	0	0	0	0	0	0	3
6	2	0	0.117555851	0	0	0	0	0	0	0	0	0	0	0	3
7	2	0	0.137148493	0	0	0	0	0	0	0	0	0	0	0	3
8	3	0	0.156741135	0	0	0	0	0	0	0	0	0	0	0	3
9	3	0	0.176333776	0	0	0	0	0	0	0	0	0	0	0	3
10	3	0	0.195926418	0	0	0	0	0	0	0	0	0	0	0	3
11	3	0	0.21551906	0	0	0	0	0	0	0	0	0	0	0	3
12	4	0	0.235111702	0	0	0	0	0	0	0	0	0	0	0	3
13	4	0	0.254704344	0	0	0	0	0	0	0	0	0	0	0	3
14	4	0	0.274296986	0	0	0	0	0	0	0	0	0	0	0	3
15	4	0	0.293889627	0	0	0	0	0	0	0	0	0	0	0	3
16	4	0	0.313482269	0	0	0	0	0	0	0	0	0	0	0	3
17	5	0	0.333074911	0	0	0	0	0	0	0	0	0	0	0	3
18	5	0	0.352667553	0	0	0	0	0	0	0	0	0	0	0	3
19	5	0	0.372260195	0	0	0	0	0	0	0	0	0	0	0	3
20	5	0	0.391852837	0	0	0	0	0	0	0	0	0	0	0	3
21	5	0	0.411445478	0	0	0	0	0	0	0	0	0	0	0	3
22	6	0	0.43103812	0	0	0	0	0	0	0	0	0	0	0	3
23	6	0	0.450630762	0	0	0	0	0	0	0	0	0	0	0	3
24	6	0	0.470223404	0	0	0	0	0	0	0	0	0	0	0	3
25	6	0	0.489816046	0	0	0	0	0	0	0	0	0	0	0	3
26	6	0	0.509408688	0	0	0	0	0	0	0	0	0	0	0	3
27	7	0	0.529001329	0	0	0	0	0	0	0	0	0	0	0	3
28	7	0	0.548593971	0	0	0	0	0	0	0	0	0	0	0	3
29	7	0	0.568186613	0	0	0	0	0	0	0	0	0	0	0	3
30	7	0	0.587779255	0	0	0	0	0	0	0	0	0	0	0	3
31	7	0	0.607371897	0	0	0	0	0	0	0	0	0	0	0	3
32	8	0	0.626964539	0	0	0	0	0	0	0	0	0	0	0	3
33	8	0	0.64655718	0	0	0	0	0	0	0	0	0	0	0	3
34	8	0	0.666149822	0	0	0	0	0	0	0	0	0	0	0	3
35	8	0	0.685742464	0	0	0	0	0	0	0	0	0	0	0	3
36	8	0	0.705335106	0	0	0	0	0	0	0	0	0	0	0	3
37	9	0	0.724927748	0	0	0	0	0	0	0	0	0	0	0	3
38	9	0	0.744520389	0	0	0	0	0	0	0	0	0	0	0	3
39	9	0	0.764113031	0	0	0	0	0	0	0	0	0	0	0	3
40	9	0	0.783705673	0	0	0	0	0	0	0	0	0	0	0	3
41	9	0	0.803298315	0	0	0	0	0	0	0	0	0	0	0	3
42	10	0	0.822890957	0	0	0	0	0	0	0	0	0	0	0	3
43	10	0	0.842483599	0	0	0	0	0	0	0	0	0	0	0	3
44	10	0	0.86207624	0	0	0	0	0	0	0	0	0	0	0	3
45	10	0	0.881668882	0	0	0	0	0	0	0	0	0	0	0	3
46	11	0	0.901261524	0	0	0	0	0	0	0	0	0	0	0	3
47	11	0	0.920854166	0	0	0	0	0	0	0	0	0	0	0	3
48	11	0	0.940446808	0	0	0	0	0	0	0	0	0	0	0	3
49	11	0	0.96003945	0	0	0	0	0	0	0	0	0	0	0	3
50	11	0	0.979632091	0	0	0	0	0	0	0	0	0	0	0	3
51	12	0	0.999224733	0	0	0	0	0	0	0	0	0	0	0	3
52	12	0	1.01881738	0	0	0	0	0	5e-06	0	0	0	0	0	3
53	12	0	1.03841002	0	0	0	0	0	5e-06	0	0	0	0	0	3
54	12	0	1.05800266	0	0	0	0	0	5e-06	0	0	0	0	0	3
55	13	0	1.0775953	0	0	0	0	0	5e-06	0	0	0	0	0	3
56	13	0	1.09718794	0	0	0	0	0	5e-06	0	0	0	0	0	3
57	13	0	1.11678058	0	0	0	0	0	5e-06	0	0	0	0	0	3
58	13	0	1.13637323	0	0	0	0	0	5e-06	0	0	0	0	0	3
59	14	0	1.15596587	0	0	0	0	0	5e-06	0	0	0	0	0	3
60	14	0	1.17555851	0	0	0	0	0	5e-06	0	0	0	0	0	3
61	14	0	1.19515115	0	0	0	0	0	5e-06	0	0	0	0	0	3
62	14	0	1.21474379	0	0	0	0	0	5e-06	0	0	0	0	0	3
63	15	0	1.23433644	0	0	0	0	0	5e-06	0	0	0	0	0	3
64	15	0	1.25392908	0	0	0	0	0	5e-06	0	0	0	0	0	3
65	15	0	1.27352172	0	0	0	0	0	5e-06	0	0	0	0	0	3
66	15	0	1.29311436	0	0	0	0	0	5e-06	0	0	0	0	0	3
67	16	0	1.312707	0	0	0	0	0	5e-06	0	0	0	0	0	3
68	16	0	1.33229964	0	0	0	0	0	5e-06	0	0	0	0	0	3
69	16	0	1.35189229	0	0	0	0	0	5e-06	0	0	0	0	0	3
70	16	0	1.37148493	0	0	0	0	0	5e-06	0	0	0	0	0	3
71	17	0	1.39107757	0	0	0	0	0	5e-06	0	0	0	0	0	3
72	17	0	1.41067021	0	0	0	0	0	5e-06	0	0	0	0	0	3
73	17	0	1.43026285	0	0	0	0	0	5e-06	0	0	0	0	0	3
74	17	0	1.4498555	0	0	0	0	0	5e-06	0	0	0	0	0	3
75	18	0	1.46944814	0	0	0	0	0	5e-06	0	0	0	0	0	3
76	18	0	1.48904078	0	0	0	0	0	5e-06	0	0	0	0	0	3
77	18	0	1.50863342	0	0	0	0	0	5e-06	0	0	0	0	0	3
78	18	0	1.52822606	0	0	0	0	0	5e-06	0	0	0	0	0	3
79	19	0	1.5478187	0	0	0	0	0	5e-06	0	0	0	0	0	3
80	19	0	1.56741135	0	0	0	0	0	5e-06	0	0	0	0	0	3
81	19	0	1.58700399	0	0	0	0	0	5e-06	0	0	0	0	0	3
82	19	0	1.60659663	0	0	0	0	0	5e-06	0	0	0	0	0	3
83	20	0	1.62618927	0	0	0	0	0	5e-06	0	0	0	0	0	3
84	20	0	1.64578191	0	0	0	0	0	5e-06	0	0	0	0	0	3
85	20	0	1.66537456	0	0	0	0	0	5e-06	0	0	0	0	0	3
86	20	0	1.6849672	0	0	0	0	0	5e-06	0	0	0	0	0	3
87	21	0	1.70455984	0	0	0	0	0	5e-06	0	0	0	0	0	3
88	21	0	1.72415248	0	0	0	0	0	5e-06	0	0	0	0	0	3
89	21	0	1.74374512	0	0	0	0	0	5e-06	0	0	0	0	0	3
90	21	0	1.76333776	0	0	0	0	0	5e-06	0	0	0	0	0	3
91	21	0	1.78293041	0	0	0	0	0	5e-06	0	0	0	0	0	3
92	22	0	1.80252305	0	0	0	0	0	5e-06	0	0	0	0	0	3
93	22	0	1.82211569	0	0	0	0	0	5e-06	0	0	0	0	0	3
94	22	0	1.84170833	0	0	0	0	0	5e-06	0	0	0	0	0	3
95	22	0	1.86130097	0	0	0	0	0	5e-06	0	0	0	0	0	3
96	23	0	1.88089362	0	0	0	0	0	5e-06	0	0	0	0	0	3
97	23	0	1.90048626	0	0	0	0	0	5e-06	0	0	0	0	0	3
98	23	0	1.9200789	0	0	0	0	0	5e-06	0	0	0	0	0	3
99	23	0	1.93967154	0	0	0	0	0	5e-06	0	0	0	0	0	3
100	24	0	1.95926418	0	0	0	0	0	5e-06	0	0	0	0	0	3
101	24	0	1.97885682	0	0	0	0	0	5e-06	0	0	0	0	0	3
102	25	0	1.99844947	0	0	0	0	0	5e-06	0	0	0	0	0	3
103	25	0	2.01804211	0	0	0	0	0	5e-06	0	0	0	0	0	3
104	25	0	2.03763475	0	0	0	0	0	5e-06	0	0	0	0	0	3
105	25	0	2.05722739	0	0	0	0	0	5e-06	0	0	0	0	0	3
106	26	0	2.07682003	0	0	0	0	0	5e-06	0	0	0	0	0	3
107	26	0	2.09641268	0	0	0	0	0	5e-06	0	0	0	0	0	3
108	26	0	2.11600532	0	0	0	0	0	5e-06	0	0	0	0	0	3
109	26	0	2.13559796	0	0	0	0	0	5e-06	0	0	0	0	0	3
110	26	0	2.1551906	0	0	0	0	0	5e-06	0	0	0	0	0	3
111	27	0	2.17478324	0	0	0	0	0	5e-06	0	0	0	0	0	3
112	27	0	2.19437588	0	0	0	0	0	5e-06	0	0	0	0	0	3
113	27	0	2.21396853	0	0	0	0	0	5e-06	0	0	0	0	0	3
114	27	0	2.23356117	0	0	0	0	0	5e-06	0	0	0	0	0	3
115	28	0	2.25315381	0	0	0	0	0	5e-06	0	0	0	0	0	3
116	28	0	2.27274645	0	0	0	0	0	5e-06	0	0	0	0	0	3
117	28	0	2.29233909	0	0	0	0	0	5e-06	0	0	0	0	0	3
118	28	0	2.31193174	0	0	0	0	0	5e-06	0	0	0	0	0	3
119	29	0	2.33152438	0	0	0	0	0	5e-06	0	0	0	0	0	3
120	29	0	2.35111702	0	0	0	0	0	5e-06	0	0	0	0	0	3
121	29	0	2.37070966	0	0	0	0	0	5e-06	0	0	0	0	0	3
122	29	0	2.3903023	0	0	0	0	0	5e-06	0	0	0	0	0	3
123	30	0	2.40989494	0	0	0	0	0	5e-06	0	0	0	0	0	3
124	30	0	2.42948759	0	0	0	0	0	5e-06	0	0	0	0	0	3
125	30	0	2.44908023	0	0	0	0	0	5e-06	0	0	0	0	0	3
126	30	0	2.46867287	0	0	0	0	0	5e-06	0	0	0	0	0	3
127	30	0	2.48826551	0	0	0	0	0	5e-06	0	0	0	0	0	3
128	31	0	2.50785815	0	0	0	0	0	5e-06	0	0	0	0	0	3
129	31	0	2.5274508	0	0	0	0	0	5e-06	0	0	0	0	0	3
130	31	0	2.54704344	0	0	0	0	0	5e-06	0	0	0	0	0	3
131	31	0	2.56663608	0	0	0	0	0	5e-06	0	0	0	0	0	3
132	32	0	2.58622872	0	0	0	0	0	5e-06	0	0	0	0	0	3
133	32	0	2.60582136	0	0	0	0	0	5e-06	0	0	0	0	0	3
