Iteration	CPUTime	PhysTime	Travels	Value	AvValue	MinValue	MaxValue	Delta	Criteria	Progress	dGMaxMin	CriteriaType	CriteriaVarType	CriteriaPercentage
1	2	0	0.0233235796	146.765443	146.765443	146.765443	146.765443	0	0	0	0	0	0	0	3
2	2	0	0.0466471592	146.704127	146.734785	146.704127	146.765443	0.0306578942	0	0	0	0	0	0	3
3	2	0	0.0699707388	146.677825	146.715799	146.677825	146.765443	0.0496445022	0	0	0	0	0	0	3
4	2	0	0.0932943184	146.626051	146.693362	146.626051	146.765443	0.0720814802	0	0	0	0	0	0	3
5	2	0	0.116617898	146.570683	146.668826	146.570683	146.765443	0.0966172004	0	0	0	0	0	0	3
6	3	0	0.139941478	146.462058	146.634365	146.462058	146.765443	0.131078479	0	0	0	0	0	0	3
7	3	0	0.163265057	146.387553	146.599106	146.387553	146.765443	0.166337329	0	0	0	0	0	0	3
8	3	0	0.186588637	146.337381	146.56639	146.337381	146.765443	0.199052955	0	0	0	0	0	0	3
9	3	0	0.209912216	146.353235	146.542706	146.337381	146.765443	0.222736831	0	0	0	0	0	0	3
10	3	0	0.233235796	146.400282	146.528464	146.337381	146.765443	0.236979291	0	0	0	0	0	0	3
11	4	0	0.256559375	146.572908	146.532504	146.337381	146.765443	0.236979291	0	0	0	0	0	0	3
12	4	0	0.279882955	146.859654	146.559767	146.337381	146.859654	0.236979291	0	0	0	0	0	0	3
13	4	0	0.303206535	147.267795	146.61423	146.337381	147.267795	0.236979291	0	0	0	0	0	0	3
14	4	0	0.326530114	147.823357	146.700597	146.337381	147.823357	0.236979291	0	0	0	0	0	0	3
15	4	0	0.349853694	148.546187	146.823636	146.337381	148.546187	0.295172099	0	0	0	0	0	0	3
16	5	0	0.373177273	150.070129	147.026542	146.337381	150.070129	0.498077904	0	0	0	0	0	0	3
17	5	0	0.396500853	152.273023	147.335158	146.337381	152.273023	0.80669445	0	0	0	0	0	0	3
18	5	0	0.419824433	155.138229	147.768662	146.337381	155.138229	1.24019837	0	0	0	0	0	0	3
19	5	0	0.443148012	158.586839	148.33804	146.337381	158.586839	1.80957609	0	0	0	0	0	0	3
20	5	0	0.466471592	161.967069	149.019491	146.337381	161.967069	2.49102755	0	0	0	0	0	0	3
21	6	0	0.489795171	168.921847	149.967223	146.337381	168.921847	3.43875878	0	0	0	0	0	0	3
22	6	0	0.513118751	178.858619	151.280468	146.337381	178.858619	4.75200409	0	0	0	0	0	0	3
23	6	0	0.536442331	188.32626	153.169596	146.337381	188.32626	6.64113213	0	0	0	0	0	0	3
24	6	0	0.55976591	197.327504	155.470659	146.337381	197.327504	8.9421947	0	0	0	0	0	0	3
25	6	0	0.58308949	205.331321	158.136726	146.337381	205.331321	11.6082627	0	0	0	0	0	0	3
26	7	0	0.606413069	227.73514	161.823503	146.337381	227.73514	15.2950395	0	0	0	0	0	0	3
27	7	0	0.629736649	243.200922	166.215787	146.337381	243.200922	19.6873231	0	0	0	0	0	0	3
28	7	0	0.653060229	257.905663	171.281405	146.337381	257.905663	24.7529414	0	0	0	0	0	0	3
29	7	0	0.676383808	269.055336	176.857214	146.337381	269.055336	30.3287498	0	0	0	0	0	0	3
30	7	0	0.699707388	280.535495	182.957128	146.353235	280.535495	36.4286641	0	0	0	0	0	0	3
31	8	0	0.723030967	293.49644	189.645455	146.400282	293.49644	43.1169916	0	0	0	0	0	0	3
32	8	0	0.746354547	302.319974	196.732714	146.572908	302.319974	50.2002099	0	0	0	0	0	0	3
33	8	0	0.769678126	311.148911	204.213442	146.859654	311.148911	57.6536749	0	0	0	0	0	0	3
34	8	0	0.793001706	318.326394	212.007384	147.267795	318.326394	65.3931539	0	0	0	0	0	0	3
35	8	0	0.816325286	324.904147	220.081764	147.823357	324.904147	73.3811673	0	0	0	0	0	0	3
36	9	0	0.839648865	329.882181	228.357165	148.546187	329.882181	81.5335291	0	0	0	0	0	0	3
37	9	0	0.862972445	335.924686	236.874369	150.070129	335.924686	89.8478278	0	0	0	0	0	0	3
38	9	0	0.886296024	340.678545	245.538388	152.273023	340.678545	98.2032301	0	0	0	0	0	0	3
39	9	0	0.909619604	345.158114	254.305893	155.138229	345.158114	106.53723	0	0	0	0	0	0	3
40	9	0	0.932943184	349.022975	263.118836	158.586839	349.022975	114.780796	0	0	0	0	0	0	3
41	9	0	0.956266763	350.401811	271.837698	161.967069	350.401811	122.818207	0	0	0	0	0	0	3
42	10	0	0.979590343	351.687482	280.461353	168.921847	351.687482	130.49413	0	0	0	0	0	0	3
43	10	0	1.00291392	352.833251	288.820962	178.858619	352.833251	137.540494	18.9513649	0	13.7	0	0	0	3
44	10	0	1.0262375	352.959366	296.734633	188.32626	352.959366	143.565037	18.9629394	0	13.2	0	0	0	3
45	10	0	1.04956108	355.948909	304.353844	197.327504	355.948909	148.883185	19.1001235	0	12.8	0	0	0	3
46	11	0	1.07288466	356.566164	311.591965	205.331321	356.566164	151.234843	19.1647346	0	12.6	0	0	0	3
47	11	0	1.09620824	355.835598	318.433068	227.73514	356.566164	128.831024	19.1970402	0	14.9	0	0	0	3
48	11	0	1.11953182	361.190657	324.499228	243.200922	361.190657	117.989736	19.301307	0	16.3	0	0	0	3
49	11	0	1.1428554	359.94164	329.805625	257.905663	361.190657	103.284995	19.3708182	0	18.7	0	0	0	3
50	11	0	1.16617898	358.363194	334.371876	269.055336	361.190657	92.1353215	19.4204691	0	21	0	0	0	3
51	12	0	1.18950256	359.879356	338.500241	280.535495	361.190657	80.655162	19.4575254	0	24.1	0	0	0	3
52	12	0	1.21282614	358.282423	342.034192	293.49644	361.190657	67.6942174	19.4858672	0	28.7	0	0	0	3
53	12	0	1.23614972	356.365314	344.891868	302.319974	361.190657	58.8706833	19.5069563	0	33.1	0	0	0	3
54	12	0	1.2594733	354.652088	347.2706	311.148911	361.190657	50.0417463	19.5218187	0	39	0	0	0	3
55	13	0	1.28279688	352.831985	349.165285	318.326394	361.190657	42.8642633	19.5310825	0	45.5	0	0	0	3
56	13	0	1.30612046	352.261888	350.707808	324.904147	361.190657	36.2865105	19.534999	0	53.8	0	0	0	3
57	13	0	1.32944404	352.99366	351.984604	329.882181	361.190657	31.3084769	19.5336176	0	62.3	0	0	0	3
58	13	0	1.35276762	355.224778	353.13654	335.924686	361.190657	25.2659716	19.5230962	0	77.2	0	0	0	3
59	13	0	1.3760912	352.855178	353.906108	340.678545	361.190657	20.5121128	19.5012543	0	95	0	0	0	3
60	14	0	1.39941478	351.713844	354.407713	345.158114	361.190657	16.0325432	19.4665139	0	100	0	0	0	3
