Iteration	CPUTime	PhysTime	Travels	Value	AvValue	MinValue	MaxValue	Delta	Criteria	Progress	dGMaxMin	CriteriaType	CriteriaVarType	CriteriaPercentage
1	3	0	0.0156642975	-0.000128392685	-0.000128392685	-0.000128392685	-0.000128392685	0	0	0	0	0	0	0	3
2	3	0	0.0313285951	-7.73910268e-06	-6.80658941e-05	-0.000128392685	-7.73910268e-06	6.03267914e-05	0	0	0	0	0	0	3
3	3	0	0.0469928926	7.86315649e-06	-4.27562106e-05	-0.000128392685	7.86315649e-06	8.56364749e-05	0	0	0	0	0	0	3
4	4	0	0.0626571902	7.48654353e-07	-3.18799943e-05	-0.000128392685	7.86315649e-06	9.65126912e-05	0	0	0	0	0	0	3
5	4	0	0.0783214877	1.04207867e-07	-2.54831539e-05	-0.000128392685	7.86315649e-06	0.000102909532	0	0	0	0	0	0	3
6	4	0	0.0939857853	-3.74893644e-07	-2.12984439e-05	-0.000128392685	7.86315649e-06	0.000107094242	0	0	0	0	0	0	3
7	4	0	0.109650083	2.42514395e-07	-1.82211641e-05	-0.000128392685	7.86315649e-06	0.000110171521	0	0	0	0	0	0	3
8	5	0	0.12531438	-9.08781005e-07	-1.60571162e-05	-0.000128392685	7.86315649e-06	0.000112335569	0	0	0	0	0	0	3
9	5	0	0.140978678	-6.19504033e-07	-1.4341826e-05	-0.000128392685	7.86315649e-06	0.00011405086	0	0	0	0	0	0	3
10	5	0	0.156642975	-7.42333986e-07	-1.29818768e-05	-0.000128392685	7.86315649e-06	0.000115410809	0	0	0	0	0	0	3
11	5	0	0.172307273	-1.05212169e-06	-1.18973536e-05	-0.000128392685	7.86315649e-06	0.000116495332	0	0	0	0	0	0	3
12	6	0	0.187971571	-2.47859548e-06	-1.11124571e-05	-0.000128392685	7.86315649e-06	0.000117280228	0	0	0	0	0	0	3
13	6	0	0.203635868	-2.04908396e-06	-1.04152745e-05	-0.000128392685	7.86315649e-06	0.000117977411	0	0	0	0	0	0	3
14	6	0	0.219300166	-2.14887456e-06	-9.82481739e-06	-0.000128392685	7.86315649e-06	0.000118567868	0	0	0	0	0	0	3
15	6	0	0.234964463	-2.24519482e-06	-9.31950922e-06	-0.000128392685	7.86315649e-06	0.000119073176	0	0	0	0	0	0	3
16	7	0	0.250628761	-1.79207158e-06	-8.84904436e-06	-0.000128392685	7.86315649e-06	0.000119543641	0	0	0	0	0	0	3
17	7	0	0.266293058	-3.3949562e-06	-8.52821565e-06	-0.000128392685	7.86315649e-06	0.00011986447	0	0	0	0	0	0	3
18	7	0	0.281957356	-3.86522526e-06	-8.26916063e-06	-0.000128392685	7.86315649e-06	0.000120123525	0	0	0	0	0	0	3
19	7	0	0.297621653	-3.8187016e-06	-8.03492594e-06	-0.000128392685	7.86315649e-06	0.00012035776	0	0	0	0	0	0	3
20	7	0	0.313285951	-3.81480289e-06	-7.82391979e-06	-0.000128392685	7.86315649e-06	0.000120568766	0	0	0	0	0	0	3
21	8	0	0.328950248	-3.64786737e-06	-7.62506015e-06	-0.000128392685	7.86315649e-06	0.000120767625	0	0	0	0	0	0	3
22	8	0	0.344614546	-4.44464947e-06	-7.48049603e-06	-0.000128392685	7.86315649e-06	0.000120912189	0	0	0	0	0	0	3
23	8	0	0.360278844	-4.74800106e-06	-7.3616919e-06	-0.000128392685	7.86315649e-06	0.000121030994	0	0	0	0	0	0	3
24	8	0	0.375943141	-3.81807958e-06	-7.21404139e-06	-0.000128392685	7.86315649e-06	0.000121178644	0	0	0	0	0	0	3
25	9	0	0.391607439	-4.6532083e-06	-7.11160806e-06	-0.000128392685	7.86315649e-06	0.000121281077	0	0	0	0	0	0	3
26	9	0	0.407271736	-4.17109925e-06	-6.99851157e-06	-0.000128392685	7.86315649e-06	0.000121394174	0	0	0	0	0	0	3
27	9	0	0.422936034	-4.01945875e-06	-6.88817628e-06	-0.000128392685	7.86315649e-06	0.000121504509	0	0	0	0	0	0	3
28	9	0	0.438600331	-4.1100599e-06	-6.78895784e-06	-0.000128392685	7.86315649e-06	0.000121603728	0	0	0	0	0	0	3
29	10	0	0.454264629	-6.26274575e-06	-6.77081259e-06	-0.000128392685	7.86315649e-06	0.000121621873	0	0	0	0	0	0	3
30	10	0	0.469928926	-4.84960372e-06	-6.7067723e-06	-0.000128392685	7.86315649e-06	0.000121685913	0	0	0	0	0	0	3
31	10	0	0.485593224	-4.17937845e-06	-6.62524346e-06	-0.000128392685	7.86315649e-06	0.000121767442	0	0	0	0	0	0	3
32	10	0	0.501257521	-3.65328655e-06	-6.53236981e-06	-0.000128392685	7.86315649e-06	0.000121860316	0	0	0	0	0	0	3
33	11	0	0.516921819	-3.98358087e-06	-2.64458529e-06	-7.73910268e-06	7.86315649e-06	1.56022592e-05	0	0	0	0	0	0	3
34	11	0	0.532586117	-3.54376221e-06	-2.5134809e-06	-6.26274575e-06	7.86315649e-06	1.41259022e-05	0	0	0	0	0	0	3
35	11	0	0.548250414	-3.9456606e-06	-2.88250644e-06	-6.26274575e-06	7.48654353e-07	7.0114001e-06	0	0	0	0	0	0	3
36	11	0	0.563914712	-4.93131958e-06	-3.06000562e-06	-6.26274575e-06	2.42514395e-07	6.50526014e-06	0	0	0	0	0	0	3
37	11	0	0.579579009	-2.11838716e-07	-3.06988208e-06	-6.26274575e-06	2.42514395e-07	6.50526014e-06	0	0	0	0	0	0	3
38	12	0	0.595243307	-1.63736737e-06	-3.10933438e-06	-6.26274575e-06	2.42514395e-07	6.50526014e-06	0	0	0	0	0	0	3
39	12	0	0.610907604	-5.8186547e-06	-3.29874591e-06	-6.26274575e-06	-2.11838716e-07	6.05090703e-06	0	0	0	0	0	0	3
40	12	0	0.626571902	-6.07951291e-06	-3.46033129e-06	-6.26274575e-06	-2.11838716e-07	6.05090703e-06	0	0	0	0	0	0	3
41	12	0	0.642236199	-6.01391625e-06	-3.62890667e-06	-6.26274575e-06	-2.11838716e-07	6.05090703e-06	0	0	0	0	0	0	3
42	13	0	0.657900497	-4.46589626e-06	-3.74526799e-06	-6.26274575e-06	-2.11838716e-07	6.05090703e-06	0	0	0	0	0	0	3
43	13	0	0.673564794	-2.82178927e-06	-3.8005701e-06	-6.26274575e-06	-2.11838716e-07	6.05090703e-06	0	0	0	0	0	0	3
44	13	0	0.689229092	-2.72432415e-06	-3.80824912e-06	-6.26274575e-06	-2.11838716e-07	6.05090703e-06	0	0	0	0	0	0	3
45	13	0	0.70489339	-4.52881665e-06	-3.88574077e-06	-6.26274575e-06	-2.11838716e-07	6.05090703e-06	0	0	0	0	0	0	3
46	14	0	0.720557687	-3.8140886e-06	-3.93777871e-06	-6.26274575e-06	-2.11838716e-07	6.05090703e-06	0	0	0	0	0	0	3
47	14	0	0.736221985	-5.4715044e-06	-4.03860088e-06	-6.26274575e-06	-2.11838716e-07	6.05090703e-06	0	0	0	0	0	0	3
48	14	0	0.751886282	-5.7194273e-06	-4.16133075e-06	-6.26274575e-06	-2.11838716e-07	6.01473475e-06	0	0	0	0	0	0	3
49	14	0	0.76755058	-4.40900545e-06	-4.19301979e-06	-6.26274575e-06	-2.11838716e-07	5.75567973e-06	0	0	0	0	0	0	3
50	15	0	0.783214877	-2.40610433e-06	-4.14742226e-06	-6.26274575e-06	-2.11838716e-07	5.52144504e-06	0	0	0	0	0	0	3
51	15	0	0.798879175	-3.25952259e-06	-4.12994791e-06	-6.26274575e-06	-2.11838716e-07	5.31043889e-06	0	0	0	0	0	0	3
52	15	0	0.814543472	1.23719593e-06	-3.97207295e-06	-6.26274575e-06	1.23719593e-06	5.11157925e-06	0	0	0	0	0	0	3
53	15	0	0.83020777	3.97327053e-06	-3.73391239e-06	-6.26274575e-06	3.97327053e-06	4.96701513e-06	0	0	0	0	0	0	3
54	15	0	0.845872067	4.49694931e-06	-3.45448743e-06	-6.26274575e-06	4.49694931e-06	4.848211e-06	0	0	0	0	0	0	3
55	16	0	0.861536365	2.37604596e-06	-3.23186096e-06	-6.26274575e-06	4.49694931e-06	4.70056048e-06	0	0	0	0	0	0	3
56	16	0	0.877200663	-4.92681067e-06	-3.26650881e-06	-6.26274575e-06	4.49694931e-06	4.59812716e-06	0	0	0	0	0	0	3
57	16	0	0.89286496	-4.61679495e-06	-3.26537089e-06	-6.26274575e-06	4.49694931e-06	4.48503067e-06	0	0	0	0	0	0	3
58	16	0	0.908529258	-4.26942018e-06	-3.26844342e-06	-6.26274575e-06	4.49694931e-06	4.37469538e-06	0	0	0	0	0	0	3
59	17	0	0.924193555	-1.19121513e-06	-3.18006081e-06	-6.26274575e-06	4.49694931e-06	4.27547694e-06	0	0	0	0	0	0	3
60	17	0	0.939857853	-2.85079056e-06	-3.14070864e-06	-6.26274575e-06	4.49694931e-06	4.25733169e-06	0	0	0	0	0	0	3
61	17	0	0.95552215	-5.0810987e-05	-4.53284118e-06	-5.0810987e-05	4.49694931e-06	4.1932914e-06	0	0	0	0	0	0	3
62	17	0	0.971186448	5.16864213e-06	-4.219771e-06	-5.0810987e-05	5.16864213e-06	4.11176256e-06	0	0	0	0	0	0	3
63	18	0	0.986850745	-1.63882594e-06	-4.14037873e-06	-5.0810987e-05	5.16864213e-06	4.01888891e-06	0	0	0	0	0	0	3
64	18	0	1.00251504	-4.67344758e-06	-4.17225876e-06	-5.0810987e-05	5.16864213e-06	2.01936028e-06	0.0100146102	0	0	0	0	0	3
65	18	0	1.01817934	5.23610798e-07	-4.03140902e-06	-5.0810987e-05	5.16864213e-06	2.01936028e-06	0.0100146673	0	0	0	0	0	3
66	18	0	1.03384364	3.67683378e-06	-3.8057654e-06	-5.0810987e-05	5.16864213e-06	1.65033474e-06	0.010014702	0	0	0	0	0	3
67	19	0	1.04950794	-3.52710356e-06	-3.79268549e-06	-5.0810987e-05	5.16864213e-06	1.47283556e-06	0.0100146228	0	0	0	0	0	3
68	19	0	1.06517223	3.37694995e-06	-3.53305207e-06	-5.0810987e-05	5.16864213e-06	1.4629591e-06	0.0100146987	0	0	0	0	0	3
69	19	0	1.08083653	1.88414314e-06	-3.46755263e-06	-5.0810987e-05	5.16864213e-06	1.4235068e-06	0.0100146823	0	0	0	0	0	3
70	20	0	1.09650083	2.04483235e-06	-3.35248389e-06	-5.0810987e-05	5.16864213e-06	1.39213254e-06	0.0100146841	0	0	0	0	0	3
71	20	0	1.11216513	-2.66448962e-06	-3.25391623e-06	-5.0810987e-05	5.16864213e-06	1.39213254e-06	0.0100146323	0	0	0	0	0	3
72	20	0	1.12782942	-3.76434894e-06	-3.18156736e-06	-5.0810987e-05	5.16864213e-06	1.39213254e-06	0.0100146202	0	0	0	0	0	3
73	20	0	1.14349372	-3.32372059e-06	-3.09749875e-06	-5.0810987e-05	5.16864213e-06	1.43534243e-06	0.010014625	0	0	0	0	0	3
74	21	0	1.15915802	-1.07916257e-05	-3.29517779e-06	-5.0810987e-05	5.16864213e-06	1.43534243e-06	0.0100145429	0	0	0	0	0	3
75	21	0	1.17482232	-4.32709525e-06	-3.3422186e-06	-5.0810987e-05	5.16864213e-06	1.43534243e-06	0.010014614	0	0	0	0	0	3
76	21	0	1.19048661	1.04683741e-06	-3.2243698e-06	-5.0810987e-05	5.16864213e-06	1.43534243e-06	0.0100146731	0	0	0	0	0	3
77	22	0	1.20615091	-1.89181296e-06	-3.14196344e-06	-5.0810987e-05	5.16864213e-06	1.43534243e-06	0.0100146408	0	0	0	0	0	3
78	22	0	1.22181521	4.22032073e-06	-2.89088815e-06	-5.0810987e-05	5.16864213e-06	1.64195303e-06	0.010014708	0	0	0	0	0	3
79	22	0	1.23747951	2.1897458e-06	-2.65147408e-06	-5.0810987e-05	5.16864213e-06	1.8813671e-06	0.0100146857	0	0	0	0	0	3
80	22	0	1.2531438	2.34718928e-06	-2.39939231e-06	-5.0810987e-05	5.16864213e-06	2.13344887e-06	0.0100146874	0	0	0	0	0	3
81	23	0	1.2688081	1.15287005e-06	-2.2255837e-06	-5.0810987e-05	5.16864213e-06	2.30725748e-06	0.0100146742	0	0	0	0	0	3
82	23	0	1.2844724	2.64722437e-06	-2.06766718e-06	-5.0810987e-05	5.16864213e-06	2.465174e-06	0.0100146907	0	0	0	0	0	3
83	23	0	1.3001367	-5.45598355e-06	-2.13630658e-06	-5.0810987e-05	5.16864213e-06	2.465174e-06	0.0100146016	0	0	0	0	0	3
84	24	0	1.31580099	-3.64763985e-06	-2.2889577e-06	-5.0810987e-05	5.16864213e-06	2.465174e-06	0.0100146214	0	0	0	0	0	3
85	24	0	1.33146529	-2.48332069e-06	-2.49072618e-06	-5.0810987e-05	5.16864213e-06	2.465174e-06	0.0100146343	0	0	0	0	0	3
86	24	0	1.34712959	-2.90336213e-06	-2.72198591e-06	-5.0810987e-05	5.16864213e-06	2.465174e-06	0.0100146296	0	0	0	0	0	3
87	24	0	1.36279389	6.00487938e-07	-2.7774721e-06	-5.0810987e-05	5.16864213e-06	2.465174e-06	0.0100146682	0	0	0	0	0	3
