Iteration	CPUTime	PhysTime	Travels	Value	AvValue	MinValue	MaxValue	Delta	Criteria	Progress	dGMaxMin	CriteriaType	CriteriaVarType	CriteriaPercentage
1	1	0	0.025	41610.9742	41610.9742	41610.9742	41610.9742	0	0	0	0	136202	0	0	3
2	1	0	0.05	60.5511537	20835.7627	60.5511537	41610.9742	20775.2115	0	0	0	79415.1	0	0	3
3	2	0	0.075	2923.80675	14865.1107	60.5511537	41610.9742	26745.8635	0	0	0	69352.8	0	0	3
4	2	0	0.1	-4623.61264	9992.92987	-4623.61264	41610.9742	31618.0443	0	0	0	71886.9	0	0	3
5	2	0	0.125	-175.963156	7959.15126	-4623.61264	41610.9742	33651.8229	0	0	0	45280.5	0	0	3
6	2	0	0.15	-3894.88077	5983.47926	-4623.61264	41610.9742	35627.495	0	0	0	41806.4	0	0	3
7	2	0	0.175	-1623.57617	4896.75705	-4623.61264	41610.9742	36714.2172	0	0	0	38754.8	0	0	3
8	2	0	0.2	-3476.25743	3850.13024	-4623.61264	41610.9742	37760.844	0	0	0	35090.6	0	0	3
9	3	0	0.225	-2482.10826	3146.54819	-4623.61264	41610.9742	38464.426	0	0	0	38574.5	0	0	3
10	3	0	0.25	-3521.15547	2479.77782	-4623.61264	41610.9742	39131.1964	0	0	0	36770.5	0	0	3
11	3	0	0.275	-3177.32296	1965.49593	-4623.61264	41610.9742	39645.4783	0	0	0	34646.7	0	0	3
12	3	0	0.3	-3754.34439	1488.84257	-4623.61264	41610.9742	40122.1316	0	0	0	35081.5	0	0	3
13	3	0	0.325	-3768.60152	1084.4238	-4623.61264	41610.9742	40526.5504	0	0	0	35141.4	0	0	3
14	3	0	0.35	-4175.19566	708.736692	-4623.61264	41610.9742	40902.2375	0	0	0	35342.8	0	0	3
15	4	0	0.375	-4218.3689	380.262986	-4623.61264	41610.9742	41230.7112	0	0	0	35673.7	0	0	3
16	4	0	0.4	-4570.66867	70.8297576	-4623.61264	41610.9742	41540.1445	0	0	0	35547.3	0	0	3
17	4	0	0.425	-4735.80087	-211.91322	-4735.80087	41610.9742	41822.8874	0	0	0	35630.7	0	0	3
18	4	0	0.45	-4937.78113	-474.461438	-4937.78113	41610.9742	42085.4356	0	0	0	35850.5	0	0	3
19	4	0	0.475	-5022.03447	-713.807387	-5022.03447	41610.9742	42324.7816	0	0	0	35755.1	0	0	3
20	5	0	0.5	-5146.151	-935.424568	-5146.151	41610.9742	42546.3988	0	0	0	36059.8	0	0	3
21	5	0	0.525	-5060.36842	-3268.9917	-5146.151	2923.80675	8069.95775	0	0	0	35834.6	0	0	3
22	5	0	0.55	-5047.44672	-3524.39159	-5146.151	2923.80675	8069.95775	0	0	0	36121.2	0	0	3
23	5	0	0.575	-4807.48223	-3910.95604	-5146.151	-175.963156	4970.18785	0	0	0	35996.2	0	0	3
24	5	0	0.6	-4568.36961	-3908.19389	-5146.151	-175.963156	4970.18785	0	0	0	36057.9	0	0	3
25	5	0	0.625	-4158.68666	-4107.33006	-5146.151	-1623.57617	3522.57483	0	0	0	36019.7	0	0	3
26	6	0	0.65	-3611.19934	-4093.14599	-5146.151	-1623.57617	3522.57483	0	0	0	35543.9	0	0	3
27	6	0	0.675	-3007.14762	-4162.32457	-5146.151	-2482.10826	2664.04274	0	0	0	35487.4	0	0	3
28	6	0	0.7	-2520.52889	-4114.53814	-5146.151	-2482.10826	2664.04274	0	0	0	35407.6	0	0	3
29	6	0	0.725	-2142.68612	-4097.56703	-5146.151	-2142.68612	3003.46488	0	0	0	35792.6	0	0	3
30	6	0	0.75	-1880.55155	-4015.53684	-5146.151	-1880.55155	3265.59945	0	0	0	35687.1	0	0	3
31	7	0	0.775	-1791.06892	-3946.22413	-5146.151	-1791.06892	3355.08208	0	0	0	35918.6	0	0	3
32	7	0	0.8	-1709.12222	-3843.96303	-5146.151	-1709.12222	3437.02879	0	0	0	35908.4	0	0	3
33	7	0	0.825	-1665.60019	-3738.81296	-5146.151	-1665.60019	3480.55081	0	0	0	36256.4	0	0	3
34	7	0	0.85	-1692.0144	-3614.6539	-5146.151	-1665.60019	3480.55081	0	0	0	36255.3	0	0	3
35	7	0	0.875	-1753.55703	-3491.4133	-5146.151	-1665.60019	3480.55081	0	0	0	36559.6	0	0	3
36	7	0	0.9	-1800.90932	-3352.92534	-5146.151	-1665.60019	3480.55081	0	0	0	36472.8	0	0	3
37	8	0	0.925	-1868.42914	-3209.55675	-5146.151	-1665.60019	3480.55081	0	0	0	36613	0	0	3
38	8	0	0.95	-1938.39766	-3059.58757	-5146.151	-1665.60019	3448.51718	0	0	0	36544.9	0	0	3
39	8	0	0.975	-1998.05965	-2908.38883	-5146.151	-1665.60019	3226.9	0	0	0	36619.9	0	0	3
40	8	0	1	-2044.77856	-2753.32021	-5060.36842	-1665.60019	1409.00435	1003.64451	0	0	36672	0	0	3
41	8	0	1.025	-2069.58593	-2603.78109	-5047.44672	-1665.60019	1558.54348	1003.64451	0	0	36592.6	0	0	3
42	9	0	1.05	-2091.3966	-2455.97858	-4807.48223	-1665.60019	1706.34598	1003.64451	0	0	36628.3	0	0	3
43	9	0	1.075	-2090.88001	-2320.14847	-4568.36961	-1665.60019	1842.1761	1003.64451	0	0	36536	0	0	3
44	9	0	1.1	-2096.39331	-2309.49346	-4568.36961	-1665.60019	1852.8311	1003.64451	0	0	36570.5	0	0	3
45	9	0	1.125	-2089.25802	-2191.44053	-4158.68666	-1665.60019	1970.88404	1003.64451	0	0	36487.6	0	0	3
46	9	0	1.15	-2086.23091	-2092.75216	-3611.19934	-1665.60019	1945.59915	1003.64451	0	0	36488.6	0	0	3
47	10	0	1.175	-2075.33966	-2019.61599	-3007.14762	-1665.60019	1341.54743	1003.64451	0	0	36504.7	0	0	3
48	10	0	1.2	-2066.6001	-1974.82801	-2520.52889	-1665.60019	854.928702	1003.64451	0	0	36459.9	0	0	3
