Iteration	CPUTime	PhysTime	Travels	Value	AvValue	MinValue	MaxValue	Delta	Criteria	Progress	dGMaxMin	CriteriaType	CriteriaVarType	CriteriaPercentage
1	2	0	0.0174543737	31.458389	31.458389	31.458389	31.458389	0	0	0	0	50.9178	0	0	3
2	2	0	0.0349087474	31.161272	31.3098305	31.161272	31.458389	0.148558488	0	0	0	50.49	0	0	3
3	2	0	0.0523631211	30.9935143	31.2043918	30.9935143	31.458389	0.253997227	0	0	0	49.9207	0	0	3
4	3	0	0.0698174948	30.8998147	31.1282475	30.8998147	31.458389	0.330141484	0	0	0	49.3305	0	0	3
5	3	0	0.0872718685	30.8323836	31.0690747	30.8323836	31.458389	0.389314263	0	0	0	48.8218	0	0	3
6	3	0	0.104726242	30.7495006	31.0158124	30.7495006	31.458389	0.442576614	0	0	0	48.1765	0	0	3
7	3	0	0.122180616	30.6768497	30.9673891	30.6768497	31.458389	0.490999858	0	0	0	48.8824	0	0	3
8	4	0	0.13963499	30.6154097	30.9233917	30.6154097	31.458389	0.53499729	0	0	0	51.0944	0	0	3
9	4	0	0.157089363	30.5669146	30.8837831	30.5669146	31.458389	0.574605857	0	0	0	51.5898	0	0	3
10	4	0	0.174543737	30.5259672	30.8480016	30.5259672	31.458389	0.61038745	0	0	0	51.2446	0	0	3
11	5	0	0.191998111	30.4854764	30.8150447	30.4854764	31.458389	0.643344286	0	0	0	52.8407	0	0	3
12	5	0	0.209452484	30.4551924	30.785057	30.4551924	31.458389	0.673331982	0	0	0	54.1266	0	0	3
13	5	0	0.226906858	30.437464	30.7583191	30.437464	31.458389	0.70006991	0	0	0	54.945	0	0	3
14	5	0	0.244361232	30.4230855	30.7343738	30.4230855	31.458389	0.724015167	0	0	0	55.4679	0	0	3
15	6	0	0.261815605	30.4193431	30.7133718	30.4193431	31.458389	0.745017219	0	0	0	55.8703	0	0	3
16	6	0	0.279269979	30.4200853	30.6950414	30.4193431	31.458389	0.763347622	0	0	0	56.3145	0	0	3
17	6	0	0.296724353	30.4196798	30.6788436	30.4193431	31.458389	0.779545362	0	0	0	56.5971	0	0	3
18	6	0	0.314178727	30.420158	30.6644722	30.4193431	31.458389	0.793916785	0	0	0	56.8039	0	0	3
19	7	0	0.3316331	30.4258478	30.651913	30.4193431	31.458389	0.806475966	0	0	0	56.7865	0	0	3
20	7	0	0.349087474	30.4317295	30.6409039	30.4193431	31.458389	0.817485141	0	0	0	56.8898	0	0	3
21	7	0	0.366541848	30.4336726	30.6310357	30.4193431	31.458389	0.827353297	0	0	0	56.7187	0	0	3
22	7	0	0.383996221	30.4430244	30.6224897	30.4193431	31.458389	0.835899266	0	0	0	56.6881	0	0	3
23	8	0	0.401450595	30.455811	30.6152428	30.4193431	31.458389	0.843146168	0	0	0	56.4445	0	0	3
24	8	0	0.418904969	30.4636394	30.608926	30.4193431	31.458389	0.849462977	0	0	0	56.3309	0	0	3
25	8	0	0.436359342	30.4747145	30.6035576	30.4193431	31.458389	0.85483144	0	0	0	56.0773	0	0	3
26	8	0	0.453813716	30.4993652	30.5995502	30.4193431	31.458389	0.858838838	0	0	0	56.1815	0	0	3
27	9	0	0.47126809	30.494976	30.595677	30.4193431	31.458389	0.862711957	0	0	0	55.6487	0	0	3
28	9	0	0.488722464	30.4984132	30.5922033	30.4193431	31.458389	0.866185666	0	0	0	55.2796	0	0	3
29	9	0	0.506176837	30.5056415	30.5892184	30.4193431	31.458389	0.869170556	0	0	0	54.8631	0	0	3
30	9	0	0.523631211	30.4978065	30.5560949	30.4193431	31.161272	0.741928973	0	0	0	54.6344	0	0	3
31	10	0	0.541085585	30.4880582	30.5328806	30.4193431	30.9935143	0.574171244	0	0	0	54.2694	0	0	3
32	10	0	0.558539958	30.4881044	30.5154527	30.4193431	30.8998147	0.480471693	0	0	0	54.1476	0	0	3
33	10	0	0.575994332	30.4846406	30.5011364	30.4193431	30.8323836	0.413040566	0	0	0	53.9239	0	0	3
34	10	0	0.593448706	30.4907095	30.4893545	30.4193431	30.7495006	0.330157584	0	0	0	53.8303	0	0	3
35	11	0	0.610903079	30.488461	30.4803531	30.4193431	30.6768497	0.257506623	0	0	0	53.6231	0	0	3
36	11	0	0.628357453	30.4893193	30.4738866	30.4193431	30.6154097	0.196066633	0	0	0	53.5403	0	0	3
37	11	0	0.645811827	30.4861257	30.4694285	30.4193431	30.5669146	0.147571554	0	0	0	53.3221	0	0	3
38	11	0	0.663266201	30.4856932	30.4666278	30.4193431	30.5259672	0.106624164	0	0	0	53.2972	0	0	3
39	12	0	0.680720574	30.4835371	30.4651647	30.4193431	30.5056415	0.0862984902	0	0	0	53.2322	0	0	3
40	12	0	0.698174948	30.4850038	30.4651484	30.4193431	30.5056415	0.0862984902	0	0	0	53.2093	0	0	3
41	12	0	0.715629322	30.4810863	30.4660413	30.4193431	30.5056415	0.0862984902	0	0	0	53.0769	0	0	3
42	13	0	0.733083695	30.4749738	30.4673347	30.4193431	30.5056415	0.0862984902	0	0	0	53.0319	0	0	3
43	13	0	0.750538069	30.4731183	30.46906	30.4193431	30.5056415	0.0862984902	0	0	0	52.9136	0	0	3
44	13	0	0.767992443	30.4718801	30.4708716	30.4196798	30.5056415	0.0859617369	0	0	0	52.9524	0	0	3
45	13	0	0.785446816	30.4720053	30.4726619	30.4196798	30.5056415	0.0859617369	0	0	0	52.8936	0	0	3
46	14	0	0.80290119	30.4673602	30.4743061	30.420158	30.5056415	0.0854835126	0	0	0	52.8951	0	0	3
47	14	0	0.820355564	30.4667683	30.4759133	30.4258478	30.5056415	0.0797937735	0	0	0	52.7366	0	0	3
48	14	0	0.837809938	30.4635028	30.4772118	30.4317295	30.5056415	0.073912004	0	0	0	52.7662	0	0	3
49	14	0	0.855264311	30.4636977	30.4783141	30.4336726	30.5056415	0.0719689579	0	0	0	52.619	0	0	3
50	15	0	0.872718685	30.4616742	30.4792797	30.4430244	30.5056415	0.0626171636	0	0	0	52.6467	0	0	3
51	15	0	0.890173059	30.4590854	30.4798335	30.455811	30.5056415	0.0498305512	0	0	0	52.5397	0	0	3
52	15	0	0.907627432	30.4602948	30.4799881	30.4590854	30.5056415	0.046556165	0	0	0	52.6235	0	0	3
53	16	0	0.925081806	30.4606188	30.479884	30.4590854	30.5056415	0.046556165	0	0	0	52.5699	0	0	3
54	16	0	0.94253618	30.4570416	30.4792746	30.4570416	30.5056415	0.0485999379	0	0	0	52.6961	0	0	3
55	16	0	0.959990553	30.4544714	30.4777265	30.4544714	30.5056415	0.0511701359	0	0	0	52.5975	0	0	3
56	16	0	0.977444927	30.4510783	30.4762128	30.4510783	30.5056415	0.0545632216	0	0	0	52.7604	0	0	3
57	17	0	0.994899301	30.4503208	30.4745544	30.4503208	30.5056415	0.0553207151	0	0	0	52.6478	0	0	3
58	17	0	1.01235367	30.4448262	30.4724574	30.4448262	30.4978065	0.0529803613	0.0172251373	0	32.5	52.7414	0	0	3
59	17	0	1.02980805	30.4416535	30.470521	30.4416535	30.4907095	0.0490560641	0.0172251373	0	35.1	52.6846	0	0	3
60	17	0	1.04726242	30.4426771	30.4689562	30.4416535	30.4907095	0.0490560641	0.0172251373	0	35.1	52.7931	0	0	3
61	18	0	1.0647168	30.4381529	30.4672337	30.4381529	30.4907095	0.0359880066	0.0172251373	0	47.8	52.7066	0	0	3
62	18	0	1.08217117	30.4375027	30.4656083	30.4375027	30.4907095	0.024206141	0.0172251373	0	71.1	52.7473	0	0	3
63	18	0	1.09962554	30.4355278	30.4637055	30.4355278	30.4893193	0.0166476798	0.0172251373	0	100	52.7086	0	0	3
64	19	0	1.11707992	30.4375294	30.4619492	30.4355278	30.4893193	0.0180389498	0.0172251373	0	95.4	52.7818	0	0	3
65	19	0	1.13453429	30.4341368	30.4600463	30.4341368	30.4861257	0.0199417952	0.0172251373	0	86.3	52.769	0	0	3
66	19	0	1.15198866	30.4361038	30.4583215	30.4341368	30.4856932	0.0216666894	0.0172251373	0	79.5	52.8243	0	0	3
67	20	0	1.16944304	30.4315819	30.4564555	30.4315819	30.4850038	0.0235325971	0.0172251373	0	73.1	52.774	0	0	3
68	20	0	1.18689741	30.4351624	30.4547875	30.4315819	30.4850038	0.0252006872	0.0172251373	0	68.3	52.8218	0	0	3
69	20	0	1.20435179	30.4337452	30.4530199	30.4315819	30.4810863	0.0269682258	0.0172251373	0	63.8	52.8489	0	0	3
70	21	0	1.22180616	30.4377114	30.4515242	30.4315819	30.4749738	0.0284639099	0.0172251373	0	60.5	52.8726	0	0	3
71	21	0	1.23926053	30.4341896	30.4501179	30.4315819	30.4731183	0.0298702606	0.0172251373	0	57.6	52.8402	0	0	3
72	21	0	1.25671491	30.4370933	30.4488756	30.4315819	30.4720053	0.0311124996	0.0172251373	0	55.3	52.8585	0	0	3
73	21	0	1.27416928	30.4338093	30.4475629	30.4315819	30.4720053	0.0324252854	0.0172251373	0	53.1	52.8554	0	0	3
74	22	0	1.29162365	30.4346955	30.4462763	30.4315819	30.4673602	0.0337118298	0.0172251373	0	51	52.8709	0	0	3
75	22	0	1.30907803	30.4352318	30.4451684	30.4315819	30.4667683	0.034819703	0.0172251373	0	49.4	52.8592	0	0	3
76	22	0	1.3265324	30.4342887	30.4440484	30.4315819	30.4636977	0.0321157351	0.0172251373	0	53.6	52.8991	0	0	3
77	23	0	1.34398677	30.4329229	30.442994	30.4315819	30.4636977	0.0321157351	0.0172251373	0	53.6	52.8942	0	0	3
78	23	0	1.36144115	30.4348359	30.4419987	30.4315819	30.4616742	0.0300922327	0.0172251373	0	57.2	52.9409	0	0	3
79	23	0	1.37889552	30.4321662	30.4409812	30.4315819	30.4606188	0.0290368313	0.0172251373	0	59.3	52.9084	0	0	3
80	24	0	1.3963499	30.4356862	30.4401744	30.4315819	30.4606188	0.0290368313	0.0172251373	0	59.3	52.9079	0	0	3
81	24	0	1.41380427	30.4329108	30.4392301	30.4315819	30.4606188	0.0290368313	0.0172251373	0	59.3	52.8916	0	0	3
82	24	0	1.43125864	30.4340642	30.4383144	30.4315819	30.4570416	0.0254596873	0.0172251373	0	67.6	52.8886	0	0	3
83	25	0	1.44871302	30.4337721	30.437512	30.4315819	30.4544714	0.0228894892	0.0172251373	0	75.2	52.8981	0	0	3
84	25	0	1.46616739	30.4333932	30.4367852	30.4315819	30.4510783	0.0194964036	0.0172251373	0	88.3	52.9152	0	0	3
85	25	0	1.48362176	30.4348658	30.4362261	30.4315819	30.4503208	0.0187389101	0.0172251373	0	91.9	52.8868	0	0	3
86	26	0	1.50107614	30.4341062	30.435667	30.4315819	30.4448262	0.013244238	0.0172251373	0	100	52.8862	0	0	3
87	26	0	1.51853051	30.4332013	30.4352661	30.4315819	30.4426771	0.011095209	0.0172251373	0	100	52.8655	0	0	3
88	26	0	1.53598489	30.4345744	30.435022	30.4315819	30.4426771	0.011095209	0.0172251373	0	100	52.874	0	0	3
89	27	0	1.55343926	30.4321593	30.4346593	30.4315819	30.4381529	0.00657099173	0.0172251373	0	100	52.8541	0	0	3
90	27	0	1.57089363	30.435284	30.4345604	30.4315819	30.4377114	0.00612951584	0.0172251373	0	100	52.8713	0	0	3
91	27	0	1.58834801	30.4325401	30.4343893	30.4315819	30.4377114	0.00612951584	0.0172251373	0	100	52.8556	0	0	3
92	28	0	1.60580238	30.4336109	30.4343232	30.4315819	30.4377114	0.00612951584	0.0172251373	0	100	52.8404	0	0	3
93	28	0	1.62325675	30.4332417	30.4341753	30.4315819	30.4377114	0.00612951584	0.0172251373	0	100	52.846	0	0	3
