Iteration	CPUTime	PhysTime	Travels	Value	AvValue	MinValue	MaxValue	Delta	Criteria	Progress	dGMaxMin	CriteriaType	CriteriaVarType	CriteriaPercentage
1	1	0	0.025	792999.829	792999.829	792999.829	792999.829	0	0	0	0	1.26081e+06	0	0	3
2	1	0	0.05	234050.354	513525.092	234050.354	792999.829	279474.737	0	0	0	1.65022e+06	0	0	3
3	1	0	0.075	120342.458	382464.214	120342.458	792999.829	410535.615	0	0	0	1.70423e+06	0	0	3
4	2	0	0.1	93364.8137	310189.364	93364.8137	792999.829	482810.465	0	0	0	2.02022e+06	0	0	3
5	2	0	0.125	94689.9065	267089.472	93364.8137	792999.829	525910.357	0	0	0	1.921e+06	0	0	3
6	2	0	0.15	96425.2514	238645.435	93364.8137	792999.829	554354.393	0	0	0	1.9108e+06	0	0	3
7	2	0	0.175	101768.532	219091.592	93364.8137	792999.829	573908.237	0	0	0	1.58147e+06	0	0	3
8	2	0	0.2	104201.917	204730.383	93364.8137	792999.829	588269.446	0	0	0	1.42634e+06	0	0	3
9	2	0	0.225	107333.853	193908.546	93364.8137	792999.829	599091.283	0	0	0	1.22491e+06	0	0	3
10	2	0	0.25	109599.777	185477.669	93364.8137	792999.829	607522.16	0	0	0	1.0531e+06	0	0	3
11	3	0	0.275	110990.789	178706.135	93364.8137	792999.829	614293.694	0	0	0	921362	0	0	3
12	3	0	0.3	110929.566	173058.087	93364.8137	792999.829	619941.742	0	0	0	815252	0	0	3
13	3	0	0.325	110467.21	168243.404	93364.8137	792999.829	624756.424	0	0	0	742374	0	0	3
14	3	0	0.35	110403.784	164112.003	93364.8137	792999.829	628887.826	0	0	0	696050	0	0	3
15	3	0	0.375	109718.783	160485.788	93364.8137	792999.829	632514.041	0	0	0	650028	0	0	3
16	3	0	0.4	108865.349	157259.511	93364.8137	792999.829	635740.318	0	0	0	634479	0	0	3
17	4	0	0.425	107115.856	154309.884	93364.8137	792999.829	638689.945	0	0	0	614534	0	0	3
18	4	0	0.45	105815.799	151615.768	93364.8137	792999.829	641384.061	0	0	0	606911	0	0	3
19	4	0	0.475	104902.683	149157.185	93364.8137	792999.829	643842.644	0	0	0	591057	0	0	3
20	4	0	0.5	104083.359	146903.493	93364.8137	792999.829	646096.335	0	0	0	582335	0	0	3
21	4	0	0.525	102609.913	112383.998	93364.8137	234050.354	140685.541	0	0	0	575462	0	0	3
22	4	0	0.55	101405.133	105751.737	93364.8137	120342.458	26977.6441	0	0	0	574068	0	0	3
23	5	0	0.575	100412.283	104755.228	93364.8137	110990.789	17625.9749	0	0	0	569069	0	0	3
24	5	0	0.6	99148.879	105044.431	94689.9065	110990.789	16300.8821	0	0	0	571489	0	0	3
25	5	0	0.625	98361.0057	105227.986	96425.2514	110990.789	14565.5372	0	0	0	571851	0	0	3
26	5	0	0.65	97868.0199	105300.124	97868.0199	110990.789	13122.7687	0	0	0	571608	0	0	3
27	5	0	0.675	96833.264	105053.361	96833.264	110990.789	14157.5246	0	0	0	568951	0	0	3
28	6	0	0.7	96187.316	104652.631	96187.316	110990.789	14803.4726	0	0	0	568279	0	0	3
29	6	0	0.725	94868.6076	104029.369	94868.6076	110990.789	16122.181	0	0	0	566178	0	0	3
30	6	0	0.75	94236.8962	103261.225	94236.8962	110990.789	16753.8924	0	0	0	565191	0	0	3
31	6	0	0.775	93320.776	102377.724	93320.776	110929.566	17608.7899	0	0	0	563924	0	0	3
32	6	0	0.8	92403.269	101451.409	92403.269	110467.21	18063.9411	0	0	0	564099	0	0	3
33	6	0	0.825	92242.1855	100540.158	92242.1855	110403.784	18161.5986	0	0	0	565123	0	0	3
34	7	0	0.85	92684.8472	99654.2112	92242.1855	109718.783	17476.5972	0	0	0	565769	0	0	3
35	7	0	0.875	93861.7321	98861.3586	92242.1855	108865.349	16623.1635	0	0	0	568118	0	0	3
36	7	0	0.9	94658.2055	98151.0014	92242.1855	107115.856	14873.6706	0	0	0	569194	0	0	3
37	7	0	0.925	95953.4594	97592.8816	92242.1855	105815.799	13573.613	0	0	0	568348	0	0	3
38	7	0	0.95	97258.5059	97165.017	92242.1855	104902.683	12660.4977	0	0	0	569988	0	0	3
39	7	0	0.975	98454.5775	96842.6117	92242.1855	104083.359	11841.1731	0	0	0	571551	0	0	3
40	8	0	1	100095.404	96643.214	92242.1855	102609.913	10367.7271	4215.04083	0	0	572878	0	0	3
41	8	0	1.025	101249.139	96575.1753	92242.1855	101405.133	9162.94784	4215.04083	0	0	573741	0	0	3
42	8	0	1.05	102552.279	96632.5326	92242.1855	102552.279	8724.9492	4215.04083	0	0	574821	0	0	3
43	8	0	1.075	103837.985	96803.8177	92242.1855	103837.985	8724.9492	4215.04083	0	0	575700	0	0	3
44	8	0	1.1	105130.468	97200.3248	92242.1855	105130.468	8724.9492	4215.04083	0	0	576246	0	0	3
45	8	0	1.125	106338.224	97542.6746	92242.1855	106338.224	8724.9492	4215.04083	0	0	576325	0	0	3
46	9	0	1.15	107365.083	97971.4402	92242.1855	107365.083	8724.9492	4215.04083	0	0	577828	0	0	3
47	9	0	1.175	108180.966	98462.5329	92242.1855	108180.966	8478.18579	4215.04083	0	0	578638	0	0	3
48	9	0	1.2	108803.667	99032.5521	92242.1855	108803.667	8077.45572	4215.04083	0	0	579121	0	0	3
49	9	0	1.225	109313.881	99657.6266	92242.1855	109313.881	7454.19347	4215.04083	0	0	580892	0	0	3
50	9	0	1.25	109649.225	100361.466	92242.1855	109649.225	6686.04942	4215.04083	0	0	582151	0	0	3
51	10	0	1.275	109932.685	101108.884	92242.1855	109932.685	5802.54879	4215.04083	0	0	582463	0	0	3
52	10	0	1.3	110074.751	101906.692	92242.1855	110074.751	5331.51706	4215.04083	0	0	584300	0	0	3
53	10	0	1.325	110170.288	102752.741	92242.1855	110170.288	6177.56559	4215.04083	0	0	585427	0	0	3
54	10	0	1.35	110231.607	103609.38	92684.8472	110231.607	7034.20471	4215.04083	0	0	585857	0	0	3
55	10	0	1.375	110188.656	104442.895	93861.7321	110231.607	7867.7194	4215.04083	0	0	587727	0	0	3
56	11	0	1.4	110112.881	105216.759	94658.2055	110231.607	8641.58362	4215.04083	0	0	588800	0	0	3
57	11	0	1.425	110067.575	105950.538	95953.4594	110231.607	9375.36312	4215.04083	0	0	589065	0	0	3
58	11	0	1.45	109982.765	106618.601	97258.5059	110231.607	10043.4253	4215.04083	0	0	590768	0	0	3
59	11	0	1.475	109900.11	107220.582	98454.5775	110231.607	10645.4064	4215.04083	0	0	592221	0	0	3
60	11	0	1.5	109830.832	107762.308	100095.404	110231.607	10136.2032	4215.04083	0	0	591848	0	0	3
61	11	0	1.525	109791.483	108224.026	101249.139	110231.607	8982.46766	4215.04083	0	0	593434	0	0	3
62	12	0	1.55	109714.41	108627.134	102552.279	110231.607	7679.3282	4215.04083	0	0	594250	0	0	3
63	12	0	1.575	109666.604	108965.912	103837.985	110231.607	6393.62231	4215.04083	0	0	594190	0	0	3
64	12	0	1.6	109668.968	109243.578	105130.468	110231.607	5101.13905	4215.04083	0	0	595780	0	0	3
65	12	0	1.625	109612.237	109456.995	106338.224	110231.607	3893.38299	4215.04083	0	0	595692	0	0	3
66	12	0	1.65	109540.027	109609.462	107365.083	110231.607	2866.52391	4215.04083	0	0	596977	0	0	3
67	13	0	1.675	109540.426	109713.05	108180.966	110231.607	2050.64105	4215.04083	0	0	596761	0	0	3
68	13	0	1.7	109503.802	109776.042	108803.667	110231.607	1427.9401	4215.04083	0	0	599050	0	0	3
69	13	0	1.725	109410.083	109804.919	109313.881	110231.607	917.725676	4215.04083	0	0	599362	0	0	3
70	13	0	1.75	109350.671	109806.671	109350.671	110231.607	880.936245	4215.04083	0	0	599103	0	0	3
