Iteration	CPUTime	PhysTime	Travels	Value	AvValue	MinValue	MaxValue	Delta	Criteria	Progress	dGMaxMin	CriteriaType	CriteriaVarType	CriteriaPercentage
1	1	0	0.0199410427	90.368309	90.368309	90.368309	90.368309	0	0	0	0	0.561988	0	0	3
2	1	0	0.0398820854	90.3704502	90.3693796	90.368309	90.3704502	0.00107060813	0	0	0	0.98594	0	0	3
3	2	0	0.0598231281	90.3725653	90.3704415	90.368309	90.3725653	0.00213249749	0	0	0	1.28281	0	0	3
4	2	0	0.0797641708	90.3752544	90.3716447	90.368309	90.3752544	0.00333572248	0	0	0	1.51249	0	0	3
5	2	0	0.0997052135	90.3775049	90.3728168	90.368309	90.3775049	0.0045077558	0	0	0	1.68276	0	0	3
6	2	0	0.119646256	90.3832373	90.3745535	90.368309	90.3832373	0.006244515	0	0	0	1.87167	0	0	3
7	3	0	0.139587299	90.3907427	90.3768663	90.368309	90.3907427	0.00855725748	0	0	0	2.02605	0	0	3
8	3	0	0.159528342	90.4012087	90.3799091	90.368309	90.4012087	0.0116000618	0	0	0	1.90649	0	0	3
9	3	0	0.179469384	90.4113622	90.3834039	90.368309	90.4113622	0.0150948515	0	0	0	1.84421	0	0	3
10	3	0	0.199410427	90.4214637	90.3872099	90.368309	90.4214637	0.0189008391	0	0	0	1.71853	0	0	3
11	3	0	0.21935147	90.4364704	90.3916881	90.368309	90.4364704	0.0233790715	0	0	0	1.65118	0	0	3
12	3	0	0.239292513	90.4753341	90.3986586	90.368309	90.4753341	0.0303495703	0	0	0	2.41094	0	0	3
13	4	0	0.259233555	90.4409353	90.4019106	90.368309	90.4753341	0.033601628	0	0	0	1.75951	0	0	3
14	4	0	0.279174598	90.4858752	90.4079081	90.368309	90.4858752	0.0395990925	0	0	0	2.26428	0	0	3
15	4	0	0.299115641	90.4891501	90.4133242	90.368309	90.4891501	0.0450152236	0	0	0	2.11156	0	0	3
16	4	0	0.319056683	90.5385419	90.4211503	90.368309	90.5385419	0.0528413266	0	0	0	1.82579	0	0	3
17	4	0	0.338997726	90.5703361	90.429926	90.368309	90.5703361	0.06161696	0	0	0	2.17657	0	0	3
18	5	0	0.358938769	90.6155121	90.4402363	90.368309	90.6155121	0.0719273028	0	0	0	2.05382	0	0	3
19	5	0	0.378879811	90.6509008	90.4513239	90.368309	90.6509008	0.0830149044	0	0	0	2.20949	0	0	3
20	5	0	0.398820854	90.690096	90.4632625	90.368309	90.690096	0.0949535059	0	0	0	2.10032	0	0	3
21	5	0	0.418761897	90.7396549	90.4764241	90.368309	90.7396549	0.108115046	0	0	0	2.09373	0	0	3
22	5	0	0.43870294	90.790477	90.4906992	90.368309	90.790477	0.122390181	0	0	0	2.04274	0	0	3
23	6	0	0.458643982	90.83199	90.5055379	90.368309	90.83199	0.13722891	0	0	0	2.08781	0	0	3
24	6	0	0.478585025	90.8677267	90.5206291	90.368309	90.8677267	0.152320107	0	0	0	2.02581	0	0	3
25	6	0	0.498526068	90.8924424	90.5355017	90.368309	90.8924424	0.167192637	0	0	0	2.08379	0	0	3
26	6	0	0.51846711	90.9201277	90.550295	90.368309	90.9201277	0.181985948	0	0	0	2.07014	0	0	3
27	7	0	0.538408153	90.9388324	90.5722382	90.3704502	90.9388324	0.202858548	0	0	0	2.11135	0	0	3
28	7	0	0.558349196	90.9517748	90.5945968	90.3725653	90.9517748	0.224155295	0	0	0	2.10942	0	0	3
29	7	0	0.578290239	90.9617683	90.6172585	90.3752544	90.9617683	0.245613726	0	0	0	2.12203	0	0	3
30	7	0	0.598231281	90.9694428	90.6401119	90.3775049	90.9694428	0.267295092	0	0	0	2.10689	0	0	3
31	7	0	0.618172324	90.9737573	90.6630447	90.3832373	90.9737573	0.288491119	0	0	0	2.07351	0	0	3
32	8	0	0.638113367	90.9727269	90.6857173	90.3907427	90.9737573	0.308851051	0	0	0	2.03142	0	0	3
33	8	0	0.658054409	90.9673309	90.7078938	90.4012087	90.9737573	0.327984716	0	0	0	2.0517	0	0	3
34	8	0	0.677995452	90.9586906	90.7293354	90.4113622	90.9737573	0.345931537	0	0	0	2.09519	0	0	3
35	8	0	0.697936495	90.9498916	90.7500481	90.4214637	90.9737573	0.362838217	0	0	0	2.11321	0	0	3
36	8	0	0.717877538	90.9395244	90.7699735	90.4364704	90.9737573	0.378285394	0	0	0	2.11334	0	0	3
37	9	0	0.73781858	90.9322748	90.7890429	90.4409353	90.9737573	0.390384295	0	0	0	2.13317	0	0	3
38	9	0	0.757759623	90.9289816	90.8064909	90.4409353	90.9737573	0.40458022	0	0	0	2.13889	0	0	3
39	9	0	0.777700666	90.9295501	90.8252837	90.4858752	90.9737573	0.417375629	0	0	0	2.14363	0	0	3
40	9	0	0.797641708	90.9326233	90.8424664	90.4891501	90.9737573	0.429142119	0	0	0	2.14059	0	0	3
41	9	0	0.817582751	90.9421561	90.8598897	90.5385419	90.9737573	0.435215443	0	0	0	2.21029	0	0	3
42	10	0	0.837523794	90.9538861	90.8758644	90.5703361	90.9737573	0.40342122	0	0	0	2.25263	0	0	3
43	10	0	0.857464837	90.9659022	90.8910785	90.6155121	90.9737573	0.358245185	0	0	0	2.30528	0	0	3
44	10	0	0.877405879	90.9776028	90.9050051	90.6509008	90.9776028	0.326702084	0	0	0	2.35486	0	0	3
45	10	0	0.897346922	90.9890368	90.9180103	90.690096	90.9890368	0.298940855	0	0	0	2.39109	0	0	3
46	11	0	0.917287965	90.9991452	90.9298968	90.7396549	90.9991452	0.259490357	0	0	0	2.42856	0	0	3
47	11	0	0.937229007	91.0090809	90.9402594	90.790477	91.0090809	0.218603831	0	0	0	2.45394	0	0	3
48	11	0	0.95717005	91.0176306	90.948996	90.83199	91.0176306	0.185640602	0	0	0	2.49413	0	0	3
49	11	0	0.977111093	91.0263109	90.9564699	90.8677267	91.0263109	0.15858429	0	0	0	2.50543	0	0	3
50	11	0	0.997052135	91.0346268	90.9628892	90.8924424	91.0346268	0.142184474	0	0	0	2.54064	0	0	3
51	12	0	1.01699318	91.0425516	90.9686626	90.9201277	91.0425516	0.122423882	0.0200995899	0	0	2.55184	0	0	3
52	12	0	1.03693422	91.0488374	90.973613	90.9289816	91.0488374	0.119855795	0.0202881637	0	0	2.58014	0	0	3
53	12	0	1.05687526	91.054783	90.9780726	90.9289816	91.054783	0.125801369	0.0203773473	0	0	2.567	0	0	3
54	12	0	1.07681631	91.059748	90.9822254	90.9289816	91.059748	0.130766386	0.0204298341	0	0	2.59304	0	0	3
55	13	0	1.09675735	91.0650568	90.9861981	90.9289816	91.0650568	0.136075155	0.0204790146	0	0	2.58214	0	0	3
56	13	0	1.11669839	91.0705159	90.9900855	90.9289816	91.0705159	0.141534249	0.0205068829	0	0	2.61333	0	0	3
57	13	0	1.13663943	91.074852	90.9939737	90.9289816	91.074852	0.145870356	0.0205096153	0	0	2.59397	0	0	3
58	13	0	1.15658048	91.0797718	90.9980909	90.9289816	91.0797718	0.150790166	0.0204877978	0	0	2.61536	0	0	3
59	14	0	1.17652152	91.0836798	91.0025658	90.9289816	91.0836798	0.154698202	0.0204480142	0	0	2.58557	0	0	3
60	14	0	1.19646256	91.0878013	91.0075316	90.9289816	91.0878013	0.158819659	0.0203971377	0	0	2.628	0	0	3
61	14	0	1.21640361	91.0909467	91.0129568	90.9289816	91.0909467	0.161965036	0.0203208527	0	0	2.59679	0	0	3
62	14	0	1.23634465	91.0941673	91.0189046	90.9289816	91.0941673	0.165185679	0.0202550442	0	0	2.62978	0	0	3
63	15	0	1.25628569	91.0964851	91.0252204	90.9289816	91.0964851	0.167503455	0.0202059982	0	0	2.59163	0	0	3
64	15	0	1.27622673	91.0985386	91.0317418	90.9295501	91.0985386	0.168988499	0.0200995899	0	0	2.62412	0	0	3
65	15	0	1.29616778	91.0998963	91.0382936	90.9326233	91.0998963	0.167272986	0.0200995899	0	0	2.60279	0	0	3
66	15	0	1.31610882	91.101569	91.0447915	90.9421561	91.101569	0.159412871	0.0200995899	0	0	2.6428	0	0	3
67	16	0	1.33604986	91.1029064	91.0509742	90.9538861	91.1029064	0.149020309	0.0200995899	0	0	2.61351	0	0	3
68	16	0	1.3559909	91.1047247	91.0567757	90.9659022	91.1047247	0.138822495	0.0200995899	0	0	2.6311	0	0	3
69	16	0	1.37593195	91.1060373	91.0621655	90.9776028	91.1060373	0.128434473	0.0200995899	0	0	2.60407	0	0	3
