Iteration	CPUTime	PhysTime	Travels	Value	AvValue	MinValue	MaxValue	Delta	Criteria	Progress	dGMaxMin	CriteriaType	CriteriaVarType	CriteriaPercentage
1	2	0	0.0162818526	8521.16973	8521.16973	8521.16973	8521.16973	0	0	0	0	0	0	0	3
2	3	0	0.0325637053	8521.04687	8521.1083	8521.04687	8521.16973	0.0614324165	0	0	0	0	0	0	3
3	3	0	0.0488455579	8519.98012	8520.73224	8519.98012	8521.16973	0.437493068	0	0	0	0	0	0	3
4	4	0	0.0651274106	8518.86073	8520.26436	8518.86073	8521.16973	0.905369095	0	0	0	0	0	0	3
5	4	0	0.0814092632	8518.06898	8519.82528	8518.06898	8521.16973	1.34444586	0	0	0	0	0	0	3
6	4	0	0.0976911159	8517.17664	8519.38384	8517.17664	8521.16973	1.78588632	0	0	0	0	0	0	3
7	5	0	0.113972969	8516.58335	8518.98377	8516.58335	8521.16973	2.18595709	0	0	0	0	0	0	3
8	5	0	0.130254821	8516.20957	8518.637	8516.20957	8521.16973	2.53273292	0	0	0	0	0	0	3
9	5	0	0.146536674	8515.41174	8518.27864	8515.41174	8521.16973	2.89109478	0	0	0	0	0	0	3
10	6	0	0.162818526	8514.54493	8517.90526	8514.54493	8521.16973	3.26446543	0	0	0	0	0	0	3
11	6	0	0.179100379	8513.51796	8517.50642	8513.51796	8521.16973	3.66331089	0	0	0	0	0	0	3
12	6	0	0.195382232	8499.54751	8516.00984	8499.54751	8521.16973	5.15988677	0	0	0	0	0	0	3
13	6	0	0.211664084	8501.43693	8514.88885	8499.54751	8521.16973	6.28087984	0	0	0	0	0	0	3
14	7	0	0.227945937	8527.67219	8515.80195	8499.54751	8527.67219	6.28087984	0	0	0	0	0	0	3
15	7	0	0.24422779	8594.43322	8521.04403	8499.54751	8594.43322	6.28087984	0	0	0	0	0	0	3
16	7	0	0.260509642	8655.23147	8529.43075	8499.54751	8655.23147	14.5418957	0	0	0	0	0	0	3
17	8	0	0.276791495	8721.83105	8540.74841	8499.54751	8721.83105	25.8595603	0	0	0	0	0	0	3
18	8	0	0.293073348	8783.4226	8554.23031	8499.54751	8783.4226	39.3414599	0	0	0	0	0	0	3
19	8	0	0.3093552	8827.99921	8568.6392	8499.54751	8827.99921	53.7503494	0	0	0	0	0	0	3
20	9	0	0.325637053	8859.15991	8583.16524	8499.54751	8859.15991	68.2763849	0	0	0	0	0	0	3
21	9	0	0.341918906	8861.0043	8596.39567	8499.54751	8861.0043	81.5068166	0	0	0	0	0	0	3
22	9	0	0.358200758	8855.6454	8608.17975	8499.54751	8861.0043	93.2908955	0	0	0	0	0	0	3
23	10	0	0.374482611	8844.09963	8618.43713	8499.54751	8861.0043	103.548282	0	0	0	0	0	0	3
24	10	0	0.390764464	8828.71251	8627.19861	8499.54751	8861.0043	112.309756	0	0	0	0	0	0	3
25	10	0	0.407046316	8808.03173	8634.43193	8499.54751	8861.0043	119.543081	0	0	0	0	0	0	3
26	10	0	0.423328169	8792.73046	8640.52034	8499.54751	8861.0043	125.631486	0	0	0	0	0	0	3
27	11	0	0.439610021	8772.92559	8645.42423	8499.54751	8861.0043	130.535384	0	0	0	0	0	0	3
28	11	0	0.455891874	8754.89439	8649.33388	8499.54751	8861.0043	134.445032	0	0	0	0	0	0	3
29	11	0	0.472173727	8733.97975	8652.25271	8499.54751	8861.0043	137.363856	0	0	0	0	0	0	3
30	12	0	0.488455579	8715.59858	8654.36423	8499.54751	8861.0043	139.475385	0	0	0	0	0	0	3
31	12	0	0.504737432	8692.61251	8655.59805	8499.54751	8861.0043	140.7092	0	0	0	0	0	0	3
32	12	0	0.521019285	8671.79251	8660.45685	8499.54751	8861.0043	145.567999	0	0	0	0	0	0	3
33	13	0	0.537301137	8653.61313	8664.73318	8499.54751	8861.0043	149.84433	0	0	0	0	0	0	3
34	13	0	0.55358299	8638.1003	8668.54351	8499.54751	8861.0043	153.654659	0	0	0	0	0	0	3
35	13	0	0.569864843	8624.93153	8671.96515	8499.54751	8861.0043	157.076297	0	0	0	0	0	0	3
36	14	0	0.586146695	8608.77029	8674.891	8499.54751	8861.0043	160.002146	0	0	0	0	0	0	3
37	14	0	0.602428548	8596.15725	8677.43876	8499.54751	8861.0043	162.549908	0	0	0	0	0	0	3
38	14	0	0.618710401	8586.03019	8679.67898	8499.54751	8861.0043	164.790128	0	0	0	0	0	0	3
39	14	0	0.634992253	8578.10041	8681.67546	8499.54751	8861.0043	166.786607	0	0	0	0	0	0	3
40	15	0	0.651274106	8571.82107	8683.49511	8499.54751	8861.0043	168.606263	0	0	0	0	0	0	3
41	15	0	0.667555958	8565.15712	8685.12776	8499.54751	8861.0043	170.238914	0	0	0	0	0	0	3
42	15	0	0.683837811	8560.24547	8686.6351	8499.54751	8861.0043	171.746253	0	0	0	0	0	0	3
43	16	0	0.700119664	8556.56754	8688.47446	8501.43693	8861.0043	173.585609	0	0	0	0	0	0	3
44	16	0	0.716401516	8553.7605	8690.16232	8527.67219	8861.0043	174.36037	0	0	0	0	0	0	3
45	16	0	0.732683369	8551.58738	8690.93377	8551.58738	8861.0043	169.889743	0	0	0	0	0	0	3
46	17	0	0.748965222	8549.98838	8689.50007	8549.98838	8861.0043	161.503028	0	0	0	0	0	0	3
47	17	0	0.765247074	8548.80517	8686.06696	8548.80517	8861.0043	150.185364	0	0	0	0	0	0	3
48	17	0	0.781528927	8547.94586	8680.45776	8547.94586	8861.0043	136.703464	0	0	0	0	0	0	3
49	18	0	0.79781078	8547.29656	8672.84079	8547.29656	8861.0043	122.294575	0	0	0	0	0	0	3
50	18	0	0.814092632	8546.8077	8663.7701	8546.8077	8861.0043	107.768539	0	0	0	0	0	0	3
51	18	0	0.830374485	8546.45239	8653.68276	8546.45239	8861.0043	94.5381074	0	0	0	0	0	0	3
52	19	0	0.846656338	8546.26402	8643.52985	8546.26402	8855.6454	82.7540286	0	0	0	0	0	0	3
53	19	0	0.86293819	8546.10947	8633.54482	8546.10947	8844.09963	72.4966422	0	0	0	0	0	0	3
54	19	0	0.879220043	8546.00179	8623.92876	8546.00179	8828.71251	67.0050152	0	0	0	0	0	0	3
55	19	0	0.895501896	8545.93451	8614.80689	8545.93451	8808.03173	76.1268862	0	0	0	0	0	0	3
56	20	0	0.911783748	8545.97633	8606.35349	8545.93451	8792.73046	84.5802862	0	0	0	0	0	0	3
57	20	0	0.928065601	8545.9365	8598.39239	8545.93451	8772.92559	92.5413815	0	0	0	0	0	0	3
58	20	0	0.944347453	8545.87828	8591.06829	8545.87828	8754.89439	99.865488	0	0	0	0	0	0	3
59	21	0	0.960629306	8545.77126	8584.32238	8545.77126	8733.97975	106.611395	0	0	0	0	0	0	3
60	21	0	0.976911159	8545.72076	8578.24951	8545.72076	8715.59858	112.684266	0	0	0	0	0	0	3
61	21	0	0.993193011	8545.57429	8572.76485	8545.57429	8692.61251	118.168921	0	0	0	0	0	0	3
62	22	0	1.00947486	8545.53589	8568.02045	8545.53589	8671.79251	122.913328	10.8437038	0	8.8	0	0	0	3
63	22	0	1.02575672	8545.5422	8563.94786	8545.53589	8653.61313	108.077238	10.8437038	0	10	0	0	0	3
64	22	0	1.04203857	8545.52638	8560.46119	8545.52638	8638.1003	92.5739207	10.8437038	0	11.7	0	0	0	3
65	23	0	1.05832042	8545.57504	8557.4765	8545.52638	8624.93153	79.405153	10.8437038	0	13.6	0	0	0	3
66	23	0	1.07460227	8545.59853	8554.91737	8545.52638	8608.77029	63.2439135	10.8437038	0	17.1	0	0	0	3
67	23	0	1.09088413	8545.6736	8552.882	8545.52638	8596.15725	50.6308761	10.8437038	0	21.4	0	0	0	3
68	24	0	1.10716598	8545.71024	8551.25467	8545.52638	8586.03019	40.5038157	10.8437038	0	26.7	0	0	0	3
69	24	0	1.12344783	8545.78774	8549.95653	8545.52638	8578.10041	32.5740352	10.8437038	0	33.2	0	0	0	3
70	24	0	1.13972969	8545.82034	8548.91524	8545.52638	8571.82107	26.2946991	10.8437038	0	41.2	0	0	0	3
71	25	0	1.15601154	8545.87914	8548.0784	8545.52638	8565.15712	19.6307407	10.8437038	0	55.2	0	0	0	3
72	25	0	1.17229339	8545.88623	8547.45676	8545.52638	8560.24547	14.7190998	10.8437038	0	73.6	0	0	0	3
73	26	0	1.18857524	8545.91966	8546.99463	8545.52638	8556.56754	11.0411638	10.8437038	0	98.2	0	0	0	3
74	26	0	1.2048571	8545.90081	8546.65055	8545.52638	8553.7605	8.2341289	10.8437038	0	100	0	0	0	3
