Iteration	CPUTime	PhysTime	Travels	Value	AvValue	MinValue	MaxValue	Delta	Criteria	Progress	dGMaxMin	CriteriaType	CriteriaVarType	CriteriaPercentage
1	2	0	0.0162818526	293.199768	293.199768	293.199768	293.199768	0	0	0	0	2.94818	0	0	3
2	3	0	0.0325637053	293.199377	293.199573	293.199377	293.199768	0.000195632109	0	0	0	3.87094	0	0	3
3	3	0	0.0488455579	293.198695	293.19928	293.198695	293.199768	0.000488370099	0	0	0	6.23272	0	0	3
4	4	0	0.0651274106	293.197725	293.198891	293.197725	293.199768	0.000877088852	0	0	0	8.88177	0	0	3
5	4	0	0.0814092632	293.196688	293.198451	293.196688	293.199768	0.00131765722	0	0	0	11.7623	0	0	3
6	4	0	0.0976911159	293.19511	293.197894	293.19511	293.199768	0.00187448769	0	0	0	15.8059	0	0	3
7	5	0	0.113972969	293.193902	293.197324	293.193902	293.199768	0.0024447416	0	0	0	19.0902	0	0	3
8	5	0	0.130254821	293.193369	293.196829	293.193369	293.199768	0.00293907755	0	0	0	20.7459	0	0	3
9	5	0	0.146536674	293.193495	293.196459	293.193369	293.199768	0.00330955362	0	0	0	20.2042	0	0	3
10	6	0	0.162818526	293.194067	293.19622	293.193369	293.199768	0.00354875905	0	0	0	18.5728	0	0	3
11	6	0	0.179100379	293.195084	293.196116	293.193369	293.199768	0.00365201099	0	0	0	14.7545	0	0	3
12	6	0	0.195382232	293.197379	293.196222	293.193369	293.199768	0.00365201099	0	0	0	27.2955	0	0	3
13	6	0	0.211664084	293.197284	293.196303	293.193369	293.199768	0.00365201099	0	0	0	44.7111	0	0	3
14	7	0	0.227945937	293.200392	293.196595	293.193369	293.200392	0.00365201099	0	0	0	62.3188	0	0	3
15	7	0	0.24422779	293.201518	293.196924	293.193369	293.201518	0.00365201099	0	0	0	78.0699	0	0	3
16	7	0	0.260509642	293.204081	293.197371	293.193369	293.204081	0.00365201099	0	0	0	87.7477	0	0	3
17	8	0	0.276791495	293.204661	293.1978	293.193369	293.204661	0.00365201099	0	0	0	87.9491	0	0	3
18	8	0	0.293073348	293.206098	293.198261	293.193369	293.206098	0.00365201099	0	0	0	86.2153	0	0	3
19	8	0	0.3093552	293.206066	293.198672	293.193369	293.206098	0.00365201099	0	0	0	92.5753	0	0	3
20	9	0	0.325637053	293.206506	293.199063	293.193369	293.206506	0.00365201099	0	0	0	97.2593	0	0	3
21	9	0	0.341918906	293.205697	293.199379	293.193369	293.206506	0.00365201099	0	0	0	98.2548	0	0	3
22	9	0	0.358200758	293.205075	293.199638	293.193369	293.206506	0.00365201099	0	0	0	98.0452	0	0	3
23	10	0	0.374482611	293.204267	293.199839	293.193369	293.206506	0.00372295257	0	0	0	96.8636	0	0	3
24	10	0	0.390764464	293.203578	293.199995	293.193369	293.206506	0.00387873501	0	0	0	95.1078	0	0	3
25	10	0	0.407046316	293.202933	293.200113	293.193369	293.206506	0.00399626146	0	0	0	92.3529	0	0	3
26	10	0	0.423328169	293.202273	293.200196	293.193369	293.206506	0.00407936767	0	0	0	91.2301	0	0	3
27	11	0	0.439610021	293.201792	293.200255	293.193369	293.206506	0.00413850037	0	0	0	89.5294	0	0	3
28	11	0	0.455891874	293.201345	293.200294	293.193369	293.206506	0.00417742896	0	0	0	88.3772	0	0	3
29	11	0	0.472173727	293.201067	293.20032	293.193369	293.206506	0.00420408453	0	0	0	86.9836	0	0	3
30	12	0	0.488455579	293.20078	293.200336	293.193369	293.206506	0.00421939112	0	0	0	85.9121	0	0	3
31	12	0	0.504737432	293.200627	293.200345	293.193369	293.206506	0.00422879435	0	0	0	84.4752	0	0	3
32	12	0	0.521019285	293.200476	293.200368	293.193369	293.206506	0.00425162384	0	0	0	82.9179	0	0	3
33	13	0	0.537301137	293.200404	293.200401	293.193369	293.206506	0.00428473587	0	0	0	81.1998	0	0	3
34	13	0	0.55358299	293.200323	293.200454	293.193369	293.206506	0.00433725253	0	0	0	79.3321	0	0	3
35	13	0	0.569864843	293.200273	293.200536	293.193369	293.206506	0.00441942927	0	0	0	77.2808	0	0	3
36	14	0	0.586146695	293.200165	293.200648	293.193369	293.206506	0.00453157548	0	0	0	74.2648	0	0	3
37	14	0	0.602428548	293.200098	293.200809	293.193369	293.206506	0.00469250166	0	0	0	71.08	0	0	3
38	14	0	0.618710401	293.20002	293.201006	293.193369	293.206506	0.00488985214	0	0	0	67.6811	0	0	3
39	14	0	0.634992253	293.199967	293.201219	293.193495	293.206506	0.00510268662	0	0	0	64.1987	0	0	3
40	15	0	0.651274106	293.199901	293.201426	293.194067	293.206506	0.00530932479	0	0	0	60.733	0	0	3
41	15	0	0.667555958	293.199832	293.201612	293.195084	293.206506	0.00549531026	0	0	0	56.0997	0	0	3
42	15	0	0.683837811	293.199746	293.201762	293.197284	293.206506	0.00554051409	0	0	0	51.827	0	0	3
43	16	0	0.700119664	293.199688	293.201837	293.197284	293.206506	0.00553326617	0	0	0	48.0289	0	0	3
44	16	0	0.716401516	293.199629	293.201912	293.199629	293.206506	0.00531683207	0	0	0	44.7472	0	0	3
45	16	0	0.732683369	293.199605	293.201887	293.199605	293.206506	0.00498867055	0	0	0	41.9069	0	0	3
46	17	0	0.748965222	293.19955	293.201823	293.19955	293.206506	0.00454130037	0	0	0	39.5064	0	0	3
47	17	0	0.765247074	293.199522	293.201676	293.199522	293.206506	0.00411246283	0	0	0	37.4503	0	0	3
48	17	0	0.781528927	293.199483	293.201509	293.199483	293.206506	0.00365143225	0	0	0	35.7214	0	0	3
49	18	0	0.79781078	293.199457	293.201295	293.199457	293.206506	0.00324064654	0	0	0	34.2536	0	0	3
50	18	0	0.814092632	293.199429	293.201081	293.199429	293.206506	0.00284894795	0	0	0	33.0285	0	0	3
51	18	0	0.830374485	293.199405	293.200852	293.199405	293.205697	0.00253305162	0	0	0	32.0232	0	0	3
52	19	0	0.846656338	293.199379	293.200648	293.199379	293.205075	0.00227415639	0	0	0	31.2079	0	0	3
53	19	0	0.86293819	293.199341	293.200463	293.199341	293.204267	0.0020728927	0	0	0	30.5343	0	0	3
54	19	0	0.879220043	293.199321	293.200303	293.199321	293.203578	0.00191711025	0	0	0	29.9893	0	0	3
55	19	0	0.895501896	293.199314	293.200166	293.199314	293.202933	0.00179958381	0	0	0	29.5544	0	0	3
56	20	0	0.911783748	293.199291	293.200048	293.199291	293.202273	0.00186377186	0	0	0	29.2319	0	0	3
57	20	0	0.928065601	293.199293	293.199952	293.199291	293.201792	0.00195989714	0	0	0	28.9882	0	0	3
58	20	0	0.944347453	293.19925	293.19987	293.19925	293.201345	0.00204189443	0	0	0	28.8117	0	0	3
59	21	0	0.960629306	293.199272	293.199803	293.19925	293.201067	0.00181640568	0	0	0	28.6746	0	0	3
60	21	0	0.976911159	293.199255	293.199745	293.19925	293.20078	0.00152924733	0	0	0	28.5743	0	0	3
61	21	0	0.993193011	293.199258	293.199696	293.19925	293.200627	0.00137685662	0	0	0	28.4882	0	0	3
62	22	0	1.00947486	293.199222	293.199651	293.199222	293.200476	0.00125455453	0.000394097662	0	0	28.4274	0	0	3
63	22	0	1.02575672	293.19922	293.19961	293.19922	293.200404	0.00118346735	0.000394097662	0	0	28.3804	0	0	3
64	22	0	1.04203857	293.199192	293.199571	293.199192	293.200323	0.00113095315	0.000394097662	0	0	28.356	0	0	3
65	23	0	1.05832042	293.199187	293.199534	293.199187	293.200273	0.00108576251	0.000394097662	0	0	28.3317	0	0	3
66	23	0	1.07460227	293.199164	293.199499	293.199164	293.200165	0.00100129917	0.000394097662	0	0	28.32	0	0	3
67	23	0	1.09088413	293.199174	293.199467	293.199164	293.200098	0.000934769217	0.000394097662	0	0	28.2957	0	0	3
68	24	0	1.10716598	293.199147	293.199436	293.199147	293.20002	0.000872971246	0.000394097662	0	0	28.3152	0	0	3
69	24	0	1.12344783	293.199151	293.199408	293.199147	293.199967	0.000819811336	0.000394097662	0	0	28.3183	0	0	3
70	24	0	1.13972969	293.199131	293.199381	293.199131	293.199901	0.000769735772	0.000394097662	0	0	28.3533	0	0	3
71	25	0	1.15601154	293.199141	293.199356	293.199131	293.199832	0.0007012567	0.000394097662	0	0	28.3687	0	0	3
72	25	0	1.17229339	293.19913	293.199334	293.19913	293.199746	0.000615920954	0.000394097662	0	0	28.4075	0	0	3
73	26	0	1.18857524	293.199137	293.199314	293.19913	293.199688	0.00055770495	0.000394097662	0	0	28.4296	0	0	3
74	26	0	1.2048571	293.199116	293.199296	293.199116	293.199629	0.000513327081	0.000394097662	0	0	28.4794	0	0	3
