Iteration	CPUTime	PhysTime	Travels	Value	AvValue	MinValue	MaxValue	Delta	Criteria	Progress	dGMaxMin	CriteriaType	CriteriaVarType	CriteriaPercentage
1	2	0	0.0175875589	0	0	0	0	0	0	0	0	0	0	0	3
2	2	0	0.0351751178	0	0	0	0	0	0	0	0	0	0	0	3
3	2	0	0.0527626766	0	0	0	0	0	0	0	0	0	0	0	3
4	3	0	0.0703502355	0	0	0	0	0	0	0	0	0	0	0	3
5	3	0	0.0879377944	0	0	0	0	0	0	0	0	0	0	0	3
6	3	0	0.105525353	0	0	0	0	0	0	0	0	0	0	0	3
7	4	0	0.123112912	0	0	0	0	0	0	0	0	0	0	0	3
8	4	0	0.140700471	0	0	0	0	0	0	0	0	0	0	0	3
9	4	0	0.15828803	0	0	0	0	0	0	0	0	0	0	0	3
10	4	0	0.175875589	0	0	0	0	0	0	0	0	0	0	0	3
11	5	0	0.193463148	0	0	0	0	0	0	0	0	0	0	0	3
12	5	0	0.211050707	0	0	0	0	0	0	0	0	0	0	0	3
13	5	0	0.228638265	0	0	0	0	0	0	0	0	0	0	0	3
14	6	0	0.246225824	0	0	0	0	0	0	0	0	0	0	0	3
15	6	0	0.263813383	0	0	0	0	0	0	0	0	0	0	0	3
16	6	0	0.281400942	0	0	0	0	0	0	0	0	0	0	0	3
17	6	0	0.298988501	0	0	0	0	0	0	0	0	0	0	0	3
18	7	0	0.31657606	0	0	0	0	0	0	0	0	0	0	0	3
19	7	0	0.334163619	0	0	0	0	0	0	0	0	0	0	0	3
20	7	0	0.351751178	0	0	0	0	0	0	0	0	0	0	0	3
21	7	0	0.369338736	0	0	0	0	0	0	0	0	0	0	0	3
22	8	0	0.386926295	0	0	0	0	0	0	0	0	0	0	0	3
23	8	0	0.404513854	0	0	0	0	0	0	0	0	0	0	0	3
24	8	0	0.422101413	0	0	0	0	0	0	0	0	0	0	0	3
25	9	0	0.439688972	0	0	0	0	0	0	0	0	0	0	0	3
26	9	0	0.457276531	0	0	0	0	0	0	0	0	0	0	0	3
27	9	0	0.47486409	0	0	0	0	0	0	0	0	0	0	0	3
28	9	0	0.492451649	0	0	0	0	0	0	0	0	0	0	0	3
29	10	0	0.510039208	0	0	0	0	0	0	0	0	0	0	0	3
30	10	0	0.527626766	0	0	0	0	0	0	0	0	0	0	0	3
31	10	0	0.545214325	0	0	0	0	0	0	0	0	0	0	0	3
32	10	0	0.562801884	0	0	0	0	0	0	0	0	0	0	0	3
33	11	0	0.580389443	0	0	0	0	0	0	0	0	0	0	0	3
34	11	0	0.597977002	0	0	0	0	0	0	0	0	0	0	0	3
35	11	0	0.615564561	0	0	0	0	0	0	0	0	0	0	0	3
36	12	0	0.63315212	0	0	0	0	0	0	0	0	0	0	0	3
37	12	0	0.650739679	0	0	0	0	0	0	0	0	0	0	0	3
38	12	0	0.668327237	0	0	0	0	0	0	0	0	0	0	0	3
39	12	0	0.685914796	0	0	0	0	0	0	0	0	0	0	0	3
40	13	0	0.703502355	0	0	0	0	0	0	0	0	0	0	0	3
41	13	0	0.721089914	0	0	0	0	0	0	0	0	0	0	0	3
42	13	0	0.738677473	0	0	0	0	0	0	0	0	0	0	0	3
43	14	0	0.756265032	0	0	0	0	0	0	0	0	0	0	0	3
44	14	0	0.773852591	0	0	0	0	0	0	0	0	0	0	0	3
45	14	0	0.79144015	0	0	0	0	0	0	0	0	0	0	0	3
46	14	0	0.809027708	0	0	0	0	0	0	0	0	0	0	0	3
47	15	0	0.826615267	0	0	0	0	0	0	0	0	0	0	0	3
48	15	0	0.844202826	0	0	0	0	0	0	0	0	0	0	0	3
49	15	0	0.861790385	0	0	0	0	0	0	0	0	0	0	0	3
50	16	0	0.879377944	0	0	0	0	0	0	0	0	0	0	0	3
51	16	0	0.896965503	0	0	0	0	0	0	0	0	0	0	0	3
52	16	0	0.914553062	0	0	0	0	0	0	0	0	0	0	0	3
53	16	0	0.932140621	0	0	0	0	0	0	0	0	0	0	0	3
54	17	0	0.949728179	0	0	0	0	0	0	0	0	0	0	0	3
55	17	0	0.967315738	0	0	0	0	0	0	0	0	0	0	0	3
56	17	0	0.984903297	0	0	0	0	0	0	0	0	0	0	0	3
57	18	0	1.00249086	0	0	0	0	0	5e-06	0	0	0	0	0	3
58	18	0	1.02007842	0	0	0	0	0	5e-06	0	0	0	0	0	3
59	18	0	1.03766597	0	0	0	0	0	5e-06	0	0	0	0	0	3
60	19	0	1.05525353	0	0	0	0	0	5e-06	0	0	0	0	0	3
61	19	0	1.07284109	0	0	0	0	0	5e-06	0	0	0	0	0	3
62	19	0	1.09042865	0	0	0	0	0	5e-06	0	0	0	0	0	3
63	20	0	1.10801621	0	0	0	0	0	5e-06	0	0	0	0	0	3
64	20	0	1.12560377	0	0	0	0	0	5e-06	0	0	0	0	0	3
65	20	0	1.14319133	0	0	0	0	0	5e-06	0	0	0	0	0	3
66	21	0	1.16077889	0	0	0	0	0	5e-06	0	0	0	0	0	3
67	21	0	1.17836644	0	0	0	0	0	5e-06	0	0	0	0	0	3
68	21	0	1.195954	0	0	0	0	0	5e-06	0	0	0	0	0	3
69	22	0	1.21354156	0	0	0	0	0	5e-06	0	0	0	0	0	3
70	22	0	1.23112912	0	0	0	0	0	5e-06	0	0	0	0	0	3
71	22	0	1.24871668	0	0	0	0	0	5e-06	0	0	0	0	0	3
72	23	0	1.26630424	0	0	0	0	0	5e-06	0	0	0	0	0	3
73	23	0	1.2838918	0	0	0	0	0	5e-06	0	0	0	0	0	3
74	23	0	1.30147936	0	0	0	0	0	5e-06	0	0	0	0	0	3
75	24	0	1.31906692	0	0	0	0	0	5e-06	0	0	0	0	0	3
76	24	0	1.33665447	0	0	0	0	0	5e-06	0	0	0	0	0	3
77	24	0	1.35424203	0	0	0	0	0	5e-06	0	0	0	0	0	3
78	25	0	1.37182959	0	0	0	0	0	5e-06	0	0	0	0	0	3
79	25	0	1.38941715	0	0	0	0	0	5e-06	0	0	0	0	0	3
80	25	0	1.40700471	0	0	0	0	0	5e-06	0	0	0	0	0	3
81	26	0	1.42459227	0	0	0	0	0	5e-06	0	0	0	0	0	3
82	26	0	1.44217983	0	0	0	0	0	5e-06	0	0	0	0	0	3
83	26	0	1.45976739	0	0	0	0	0	5e-06	0	0	0	0	0	3
84	27	0	1.47735495	0	0	0	0	0	5e-06	0	0	0	0	0	3
85	27	0	1.4949425	0	0	0	0	0	5e-06	0	0	0	0	0	3
86	27	0	1.51253006	0	0	0	0	0	5e-06	0	0	0	0	0	3
87	28	0	1.53011762	0	0	0	0	0	5e-06	0	0	0	0	0	3
88	28	0	1.54770518	0	0	0	0	0	5e-06	0	0	0	0	0	3
89	28	0	1.56529274	0	0	0	0	0	5e-06	0	0	0	0	0	3
90	29	0	1.5828803	0	0	0	0	0	5e-06	0	0	0	0	0	3
91	29	0	1.60046786	0	0	0	0	0	5e-06	0	0	0	0	0	3
92	29	0	1.61805542	0	0	0	0	0	5e-06	0	0	0	0	0	3
93	30	0	1.63564298	0	0	0	0	0	5e-06	0	0	0	0	0	3
94	30	0	1.65323053	0	0	0	0	0	5e-06	0	0	0	0	0	3
95	30	0	1.67081809	0	0	0	0	0	5e-06	0	0	0	0	0	3
96	31	0	1.68840565	0	0	0	0	0	5e-06	0	0	0	0	0	3
