Iteration	CPUTime	PhysTime	Travels	Value	AvValue	MinValue	MaxValue	Delta	Criteria	Progress	dGMaxMin	CriteriaType	CriteriaVarType	CriteriaPercentage
1	2	0	0.0168474746	20.8649705	20.8649705	20.8649705	20.8649705	0	0	0	0	53.8652	0	0	3
2	3	0	0.0336949493	20.8645278	20.8647492	20.8645278	20.8649705	0.000221382252	0	0	0	51.0999	0	0	3
3	3	0	0.0505424239	20.8642763	20.8645915	20.8642763	20.8649705	0.000379013362	0	0	0	48.9251	0	0	3
4	3	0	0.0673898986	20.8639834	20.8644395	20.8639834	20.8649705	0.000531054214	0	0	0	47.7542	0	0	3
5	4	0	0.0842373732	20.8637779	20.8643072	20.8637779	20.8649705	0.00066337083	0	0	0	46.5644	0	0	3
6	4	0	0.101084848	20.864016	20.8642586	20.8637779	20.8649705	0.000711895489	0	0	0	45.0098	0	0	3
7	4	0	0.117932323	20.8649057	20.8643511	20.8637779	20.8649705	0.000711895489	0	0	0	44.184	0	0	3
8	4	0	0.134779797	20.8661946	20.8645815	20.8637779	20.8661946	0.000711895489	0	0	0	43.3448	0	0	3
9	5	0	0.151627272	20.8676557	20.8649231	20.8637779	20.8676557	0.000711895489	0	0	0	42.463	0	0	3
10	5	0	0.168474746	20.8690646	20.8653372	20.8637779	20.8690646	0.00107860074	0	0	0	41.6754	0	0	3
11	5	0	0.185322221	20.8708974	20.8658427	20.8637779	20.8708974	0.00158406685	0	0	0	40.5059	0	0	3
12	5	0	0.202169696	20.8725079	20.8663981	20.8637779	20.8725079	0.00213950361	0	0	0	39.4965	0	0	3
13	6	0	0.21901717	20.8740384	20.8669859	20.8637779	20.8740384	0.0027272144	0	0	0	38.6086	0	0	3
14	6	0	0.235864645	20.8751224	20.867567	20.8637779	20.8751224	0.00330839727	0	0	0	37.8461	0	0	3
15	6	0	0.25271212	20.8763457	20.8681523	20.8637779	20.8763457	0.00389364025	0	0	0	37.3054	0	0	3
16	7	0	0.269559594	20.8773431	20.8687267	20.8637779	20.8773431	0.0044680653	0	0	0	37.1882	0	0	3
17	7	0	0.286407069	20.8784708	20.8692999	20.8637779	20.8784708	0.00504124964	0	0	0	37.0769	0	0	3
18	7	0	0.303254544	20.8789314	20.869835	20.8637779	20.8789314	0.00557633234	0	0	0	36.9634	0	0	3
19	7	0	0.320102018	20.8797364	20.8703561	20.8637779	20.8797364	0.00609745754	0	0	0	36.8618	0	0	3
20	8	0	0.336949493	20.8797917	20.8708279	20.8637779	20.8797917	0.00656923845	0	0	0	37.0644	0	0	3
21	8	0	0.353796968	20.8803902	20.8712832	20.8637779	20.8803902	0.00702458584	0	0	0	37.0305	0	0	3
22	8	0	0.370644442	20.8803955	20.8716974	20.8637779	20.8803955	0.00743878225	0	0	0	37.158	0	0	3
23	8	0	0.387491917	20.8809753	20.8721008	20.8637779	20.8809753	0.00784216679	0	0	0	37.1283	0	0	3
24	9	0	0.404339391	20.8808622	20.8724659	20.8637779	20.8809753	0.00820722305	0	0	0	37.1895	0	0	3
25	9	0	0.421186866	20.8810275	20.8728083	20.8637779	20.8810275	0.0085496871	0	0	0	37.1178	0	0	3
26	9	0	0.438034341	20.8807921	20.8731154	20.8637779	20.8810275	0.00885675343	0	0	0	37.1426	0	0	3
27	10	0	0.454881815	20.8811234	20.873412	20.8637779	20.8811234	0.00915334795	0	0	0	37.1143	0	0	3
28	10	0	0.47172929	20.8809422	20.8736809	20.8637779	20.8811234	0.00942228514	0	0	0	36.9858	0	0	3
29	10	0	0.488576765	20.8813401	20.873945	20.8637779	20.8813401	0.00968639321	0	0	0	37.0297	0	0	3
30	10	0	0.505424239	20.8811685	20.8741858	20.8637779	20.8813401	0.00992717527	0	0	0	37.0586	0	0	3
31	11	0	0.522271714	20.8816429	20.8747416	20.8637779	20.8816429	0.0104829199	0	0	0	37.168	0	0	3
32	11	0	0.539119189	20.8817483	20.8753156	20.8637779	20.8817483	0.0110569368	0	0	0	37.3267	0	0	3
33	11	0	0.555966663	20.8820861	20.8759092	20.8637779	20.8820861	0.0116505983	0	0	0	37.3249	0	0	3
34	12	0	0.572814138	20.8818746	20.8765056	20.8637779	20.8820861	0.0122469714	0	0	0	37.178	0	0	3
35	12	0	0.589661613	20.8819361	20.8771109	20.864016	20.8820861	0.0128522431	0	0	0	36.9866	0	0	3
36	12	0	0.606509087	20.88195	20.8777087	20.8649057	20.8820861	0.0133576	0	0	0	36.8124	0	0	3
37	12	0	0.623356562	20.8819242	20.878276	20.8661946	20.8820861	0.0136944484	0	0	0	36.6963	0	0	3
38	13	0	0.640204036	20.8815543	20.878788	20.8676557	20.8820861	0.0138648656	0	0	0	36.696	0	0	3
39	13	0	0.657051511	20.881796	20.8792593	20.8690646	20.8820861	0.0130215227	0	0	0	36.7023	0	0	3
40	13	0	0.673898986	20.8816319	20.8796782	20.8708974	20.8820861	0.0111887368	0	0	0	36.646	0	0	3
41	14	0	0.69074646	20.8819838	20.8800478	20.8725079	20.8820861	0.00957815685	0	0	0	36.6529	0	0	3
42	14	0	0.707593935	20.8817371	20.8803554	20.8740384	20.8820861	0.00804772088	0	0	0	36.5953	0	0	3
43	14	0	0.72444141	20.8815872	20.880607	20.8751224	20.8820861	0.00696369017	0	0	0	36.5815	0	0	3
44	14	0	0.741288884	20.8814621	20.8808184	20.8763457	20.8820861	0.00574042288	0	0	0	36.5497	0	0	3
45	15	0	0.758136359	20.881623	20.8809943	20.8773431	20.8820861	0.00474302368	0	0	0	36.4181	0	0	3
46	15	0	0.774983834	20.8816204	20.8811368	20.8784708	20.8820861	0.00361526578	0	0	0	36.4771	0	0	3
47	15	0	0.791831308	20.8814833	20.8812373	20.8789314	20.8820861	0.00315472646	0	0	0	36.4807	0	0	3
48	16	0	0.808678783	20.8817331	20.8813306	20.8797364	20.8820861	0.00234975378	0	0	0	36.5008	0	0	3
49	16	0	0.825526258	20.8817097	20.8813964	20.8797917	20.8820861	0.00229438906	0	0	0	36.3527	0	0	3
50	16	0	0.842373732	20.8813941	20.8814498	20.8803902	20.8820861	0.00169593118	0	0	0	36.4939	0	0	3
51	17	0	0.859221207	20.8816421	20.8814916	20.8803955	20.8820861	0.00169055782	0	0	0	36.3154	0	0	3
52	17	0	0.876068681	20.8813424	20.8815231	20.8807921	20.8820861	0.00129405314	0	0	0	36.4464	0	0	3
53	17	0	0.892916156	20.8814824	20.88154	20.8807921	20.8820861	0.00129405314	0	0	0	36.3666	0	0	3
54	17	0	0.909763631	20.8812873	20.8815542	20.8807921	20.8820861	0.00129405314	0	0	0	36.4295	0	0	3
55	18	0	0.926611105	20.8817319	20.8815777	20.8807921	20.8820861	0.00129405314	0	0	0	36.3992	0	0	3
56	18	0	0.94345858	20.8813289	20.8815956	20.8809422	20.8820861	0.00114387573	0	0	0	36.4321	0	0	3
57	18	0	0.960306055	20.8817254	20.8816156	20.8809422	20.8820861	0.00114387573	0	0	0	36.4035	0	0	3
58	19	0	0.977153529	20.88129	20.8816272	20.8811685	20.8820861	0.000917609771	0	0	0	36.4533	0	0	3
59	19	0	0.994001004	20.8817866	20.8816421	20.8811685	20.8820861	0.000917609771	0	0	0	36.3906	0	0	3
60	19	0	1.01084848	20.8813282	20.8816474	20.8812873	20.8820861	0.000798772896	0.000549246198	0	68.7	36.4346	0	0	3
61	19	0	1.02769595	20.8816305	20.881647	20.8812873	20.8820861	0.000798772896	0.000549246198	0	68.7	36.2526	0	0	3
62	20	0	1.04454343	20.8814831	20.8816382	20.8812873	20.8820861	0.000798772896	0.000549246198	0	68.7	36.4094	0	0	3
63	20	0	1.0613909	20.8819454	20.8816335	20.8812873	20.8819838	0.000696480753	0.000549246198	0	78.8	36.2361	0	0	3
64	20	0	1.07823838	20.8815569	20.8816229	20.8812873	20.8819838	0.000696480753	0.000549246198	0	78.8	36.3867	0	0	3
65	21	0	1.09508585	20.8818668	20.8816206	20.8812873	20.8819838	0.000696480753	0.000549246198	0	78.8	36.3606	0	0	3
66	21	0	1.11193333	20.8814626	20.8816044	20.8812873	20.8819838	0.000696480753	0.000549246198	0	78.8	36.3924	0	0	3
67	21	0	1.1287808	20.8817402	20.8815982	20.8812873	20.8819838	0.000696480753	0.000549246198	0	78.8	36.4566	0	0	3
68	22	0	1.14562828	20.8813032	20.8815899	20.8812873	20.8819838	0.000696480753	0.000549246198	0	78.8	36.4903	0	0	3
69	22	0	1.16247575	20.8816475	20.8815849	20.8812873	20.8819838	0.000696480753	0.000549246198	0	78.8	36.3449	0	0	3
70	23	0	1.17932323	20.881187	20.8815701	20.881187	20.8819838	0.000796772359	0.000549246198	0	68.9	36.4275	0	0	3
71	23	0	1.1961707	20.8812124	20.8815444	20.881187	20.8819454	0.000758337535	0.000549246198	0	72.4	36.3616	0	0	3
72	23	0	1.21301817	20.8812477	20.881528	20.881187	20.8819454	0.000758337535	0.000549246198	0	72.4	36.3877	0	0	3
73	24	0	1.22986565	20.8814958	20.881525	20.881187	20.8819454	0.000758337535	0.000549246198	0	72.4	36.3383	0	0	3
74	24	0	1.24671312	20.88113	20.8815139	20.88113	20.8819454	0.000653186675	0.000549246198	0	84	36.4162	0	0	3
75	25	0	1.2635606	20.8812791	20.8815025	20.88113	20.8819454	0.000510608803	0.000549246198	0	100	36.5412	0	0	3
